
346100 2 
717700 1 
4400 1 
9200 1 
2800 2 
2700 2 
2400 2 
1800 2 
3400 2 
2400 3 
3000 3 
2200 3 
2700 3 
4600 3 
3200 3 
3200 3 
2300 3 
4900 3 
2700 4 
3600 4 
11400 4 
4300 4 
2700 4 
2400 4 
2600 4 
3700 4 
2800 4 
2900 4 
2700 4 
3300 4 
2700 4 
3400 4 
3400 4 
11800 4 
6100 4 
3400 4 
4500 4 
7900 4 
3400 4 
4600 4 
3700 4 
3600 4 
5700 4 
4100 5 
4000 5 
3600 5 
3400 5 
5100 5 
4400 5 
4200 5 
4000 5 
3700 5 
4300 5 
3200 5 
3800 5 
9700 5 
3700 5 
5300 5 
7000 5 
6000 5 
4100 5 
5700 5 
4500 5 
4200 5 
5100 5 
5400 5 
4000 5 
5100 5 
6000 5 
3800 5 
5500 5 
5200 5 
5900 5 
4400 5 
4300 5 
4100 5 
4600 5 
4600 5 
4700 5 
6400 5 
5400 5 
4500 5 
6600 5 
4000 5 
4000 5 
4200 5 
7000 5 
4300 5 
3600 5 
6900 5 
5100 6 
5900 6 
5000 6 
4500 6 
6700 6 
4100 6 
4200 6 
5700 6 
5400 6 
4900 6 
6700 6 
5500 6 
5000 6 
5100 6 
5500 6 
5900 6 
4400 6 
3800 6 
4900 6 
4400 6 
4400 6 
4800 6 
5500 6 
4600 6 
4300 6 
7000 6 
7000 6 
4400 6 
4400 6 
5700 6 
5900 6 
4200 6 
4100 6 
26300 6 
5200 6 
7300 6 
4600 6 
6100 6 
4100 6 
4500 6 
4700 6 
4400 6 
5200 6 
4300 6 
4200 6 
4400 6 
5300 6 
5800 6 
5600 6 
4400 6 
5900 6 
6100 6 
7400 6 
6000 6 
4600 6 
4300 6 
5200 6 
4500 6 
4600 6 
4500 6 
6400 6 
4100 6 
5200 6 
4400 6 
4600 6 
4700 6 
7000 6 
4200 6 
4700 6 
19500 6 
3300 6 
4300 6 
2700 6 
3100 6 
2800 6 
2900 6 
2500 6 
3800 6 
2700 6 
3100 6 
2500 6 
3100 6 
2500 6 
3100 6 
3000 6 
2700 6 
3000 6 
2500 6 
4900 6 
3400 6 
3500 6 
2400 6 
2300 6 
3200 6 
11800 6 
7700 6 
4200 6 
2600 6 
2300 6 
3200 6 
2200 6 
2100 6 
2100 6 
2300 6 
2300 6 
2200 6 
2900 6 
2200 6 
2200 6 
2500 6 
2200 6 
3000 6 
2200 6 
4000 6 
4000 6 
2300 6 
3200 6 
3000 6 
2400 6 
2300 6 
3600 6 
3900 6 
4600 6 
2500 6 
3300 6 
2100 6 
2300 6 
2900 6 
3200 6 
2500 6 
3600 6 
2300 6 
2200 6 
2300 6 
2300 6 
3100 6 
2400 6 
2900 6 
2400 6 
2400 6 
2500 6 
2500 6 
3600 6 
3600 6 
2400 6 
2300 6 
2800 6 
2800 6 
3400 6 
2900 6 
2500 6 
8400 6 
3000 6 
2500 6 
2300 6 
2300 6 
2300 6 
2600 6 
2800 6 
2500 6 
2400 6 
2600 6 
2700 6 
3600 6 
3200 6 
174000 6 
11100 6 
7000 6 
7400 6 
8800 6 
10100 6 
9900 7 
6200 7 
6100 7 
6000 7 
6800 7 
7500 7 
8500 7 
5300 7 
5600 7 
8800 7 
5700 7 
5400 7 
5100 7 
4900 7 
5600 7 
6400 7 
5500 7 
5100 7 
8800 7 
7700 7 
5800 7 
6000 7 
6900 7 
5800 7 
9800 7 
5800 7 
5400 7 
5600 7 
11100 7 
6300 7 
6300 7 
7200 7 
5200 7 
7500 7 
6200 7 
5700 7 
5800 7 
8800 7 
5400 7 
5300 7 
7000 7 
5500 7 
7400 7 
5400 7 
5200 7 
4900 7 
6900 7 
7200 7 
7800 7 
5100 7 
5600 7 
22700 7 
7800 7 
5000 7 
6700 7 
5500 7 
7800 7 
7000 7 
6300 7 
5700 7 
5400 7 
7500 7 
5600 7 
5200 7 
5400 7 
4900 7 
9400 7 
7300 7 
5800 7 
6200 7 
5800 7 
7000 7 
8100 7 
6900 7 
6100 7 
8900 7 
8200 7 
7100 7 
6100 7 
9100 7 
6900 7 
5700 7 
5700 7 
5500 7 
6900 7 
8900 7 
6600 7 
6300 7 
6300 7 
23800 7 
6900 7 
22800 7 
16300 7 
8000 7 
7000 7 
9900 7 
7100 7 
9600 7 
6100 7 
5600 7 
7600 7 
5800 7 
5500 7 
6700 7 
5700 7 
8200 7 
7300 7 
8500 7 
8000 7 
5800 7 
5600 7 
6200 7 
5300 7 
5200 7 
5500 7 
8300 7 
6700 7 
5400 7 
6000 7 
5800 7 
5800 7 
5000 7 
9000 7 
6300 7 
10500 7 
7100 7 
5300 7 
5100 7 
6000 7 
5100 7 
7700 7 
5300 7 
5100 7 
6800 7 
7200 7 
5400 7 
5000 7 
4700 7 
5800 7 
9400 7 
5700 7 
5500 7 
5300 7 
7000 7 
118000 7 
8500 7 
11800 7 
4200 7 
2600 7 
4100 7 
3700 7 
2500 7 
5400 7 
2800 7 
2900 7 
3000 7 
2400 7 
2500 7 
2700 7 
3100 7 
2100 7 
2200 7 
3700 7 
2300 7 
2000 7 
2900 7 
2700 7 
2100 7 
2200 7 
3100 7 
2600 7 
3200 7 
2300 7 
2700 7 
2100 7 
2400 7 
2600 7 
2200 7 
2400 7 
2100 7 
2000 7 
3600 7 
2300 7 
2300 7 
2400 7 
2200 7 
2100 7 
2400 7 
2200 7 
2400 7 
3000 7 
3500 7 
2500 7 
2200 7 
2500 7 
2300 7 
2100 7 
2600 7 
2500 7 
2200 7 
2100 7 
3700 7 
2100 7 
2500 7 
3400 7 
2200 7 
2400 7 
2700 7 
2200 7 
2400 7 
8200 7 
2400 7 
2600 7 
2200 7 
2500 7 
2100 7 
2200 7 
2200 7 
2000 7 
2200 7 
5900 7 
2300 7 
3000 7 
2300 7 
2500 7 
2700 7 
3000 7 
2400 7 
2200 7 
3600 7 
2600 7 
2200 7 
2300 7 
3800 7 
2400 7 
2200 7 
2200 7 
2200 7 
2100 7 
3700 7 
2000 7 
2700 7 
2300 7 
2500 7 
2600 7 
2300 7 
2400 7 
2300 7 
4700 7 
2300 7 
2200 7 
2400 7 
2200 7 
2300 7 
2200 7 
2200 7 
2200 7 
3200 7 
2300 7 
2100 7 
2600 7 
2300 7 
2500 7 
2200 7 
2200 7 
2300 7 
2400 7 
3400 7 
2100 7 
2200 7 
2400 7 
2300 7 
2600 7 
2100 7 
2300 7 
2100 7 
3400 7 
2300 7 
2500 7 
2400 7 
2500 7 
2200 7 
2200 7 
2500 7 
11700 7 
2800 7 
2500 7 
3800 7 
2500 7 
2400 7 
2300 7 
2500 7 
3700 7 
2500 7 
2800 7 
2200 7 
3100 7 
2300 7 
2600 7 
2400 7 
2400 7 
3700 7 
2300 7 
2600 7 
2300 7 
2600 7 
2500 7 
2200 7 
2200 7 
2400 7 
5800 7 
2400 7 
3600 7 
2500 7 
2700 7 
2400 7 
2400 7 
2600 7 
2200 7 
2100 7 
3700 7 
4000 7 
2300 7 
2200 7 
2200 7 
2400 7 
2100 7 
2500 7 
2200 7 
2200 7 
3800 7 
2200 7 
2200 7 
2300 7 
2200 7 
2700 7 
2200 7 
2300 7 
2300 7 
2300 7 
2600 7 
3900 7 
2300 7 
2300 7 
2700 7 
2500 7 
2200 7 
2700 7 
2300 7 
3600 7 
2400 7 
2700 7 
2400 7 
4000 7 
2600 7 
2200 7 
2200 7 
2300 7 
3700 7 
2500 7 
2200 7 
2300 7 
2400 7 
2200 7 
2500 7 
2200 7 
2100 7 
3300 7 
2300 7 
3400 7 
2300 7 
2300 7 
2600 7 
2200 7 
2300 7 
2400 7 
2200 7 
2300 7 
2400 7 
3100 7 
2600 7 
2200 7 
2300 7 
2200 7 
2100 7 
2300 7 
2500 7 
2200 7 
3300 7 
2200 7 
2700 7 
2200 7 
2200 7 
8700 7 
2800 8 
2400 8 
3700 8 
3100 8 
2300 8 
2400 8 
2700 8 
2300 8 
2400 8 
2400 8 
2500 8 
3600 8 
2900 8 
2200 8 
2600 8 
2500 8 
2300 8 
2500 8 
2700 8 
2400 8 
3400 8 
2800 8 
2400 8 
2300 8 
2700 8 
2500 8 
2400 8 
2400 8 
4000 8 
2300 8 
2700 8 
2400 8 
3100 8 
2500 8 
2400 8 
2600 8 
3100 8 
2300 8 
2700 8 
2800 8 
2400 8 
2600 8 
2200 8 
2500 8 
3000 8 
3300 8 
2500 8 
2300 8 
2300 8 
2600 8 
2300 8 
2600 8 
2600 8 
2400 8 
3900 8 
2800 8 
2700 8 
2400 8 
2500 8 
2400 8 
2500 8 
2300 8 
2500 8 
3500 8 
2700 8 
2400 8 
14700 8 
2500 8 
2600 8 
2900 8 
3200 8 
3600 8 
3700 8 
2700 8 
2600 8 
2700 8 
2800 8 
3600 8 
7900 8 
2600 8 
2500 8 
2500 8 
2400 8 
2300 8 
2400 8 
3200 8 
3400 8 
2800 8 
2800 8 
3400 8 
2700 8 
2600 8 
3000 8 
2800 8 
2400 8 
3600 8 
2400 8 
2600 8 
2500 8 
5700 8 
2700 8 
2500 8 
2500 8 
2800 8 
5800 8 
2900 8 
2800 8 
2800 8 
2800 8 
2600 8 
2600 8 
2400 8 
2400 8 
4100 8 
2600 8 
2600 8 
3000 8 
2400 8 
2400 8 
2400 8 
2400 8 
2500 8 
3700 8 
2500 8 
2900 8 
3300 8 
2500 8 
2300 8 
2800 8 
2500 8 
4000 8 
2700 8 
2500 8 
2900 8 
4000 8 
2300 8 
2600 8 
2600 8 
3500 8 
2500 8 
3200 8 
3000 8 
2400 8 
2600 8 
2800 8 
2500 8 
2500 8 
5700 8 
2500 8 
3000 8 
3000 8 
2300 8 
2700 8 
2400 8 
2600 8 
4000 8 
3200 8 
2400 8 
2500 8 
2900 8 
2500 8 
2300 8 
2600 8 
5600 8 
2400 8 
2500 8 
2600 8 
2400 8 
2400 8 
2500 8 
2600 8 
2600 8 
4200 8 
2300 8 
2600 8 
2500 8 
2400 8 
2600 8 
2500 8 
2400 8 
4500 8 
2500 8 
2500 8 
2400 8 
2500 8 
2800 8 
2600 8 
2200 8 
3400 8 
3500 8 
2400 8 
2400 8 
2400 8 
2600 8 
2600 8 
2500 8 
2500 8 
3500 8 
2300 8 
3100 8 
2600 8 
2800 8 
3500 8 
2500 8 
3600 8 
2700 8 
3800 8 
2600 8 
2700 8 
2500 8 
2700 8 
2400 8 
2500 8 
2300 8 
2500 8 
3700 8 
2500 8 
2800 8 
2600 8 
2700 8 
3100 8 
2600 8 
2900 8 
4000 8 
2800 8 
2800 8 
2400 8 
3500 8 
2600 8 
2700 8 
2600 8 
3600 8 
2600 8 
2600 8 
3100 8 
2700 8 
3000 8 
2500 8 
2500 8 
2500 8 
10400 8 
2300 8 
2600 8 
2600 8 
2400 8 
2800 8 
2400 8 
2700 8 
3500 8 
2400 8 
2500 8 
2500 8 
3700 8 
2600 8 
2700 8 
2400 8 
3500 8 
2700 8 
2600 8 
2400 8 
2800 8 
2800 8 
2500 8 
2300 8 
3700 8 
2700 8 
2600 8 
2900 8 
2900 8 
2400 8 
2600 8 
2500 8 
2300 8 
2400 8 
5200 8 
4300 8 
2500 8 
2400 8 
3000 8 
2800 8 
2600 8 
2600 8 
4200 8 
3100 8 
2700 8 
2600 8 
2800 8 
2400 8 
2600 8 
2700 8 
3700 8 
2800 8 
2500 8 
2800 8 
2600 8 
2600 8 
2300 8 
2600 8 
2500 8 
3900 8 
2900 8 
3400 8 
2600 8 
2700 8 
2900 8 
2600 8 
2500 8 
4200 8 
2800 8 
2600 8 
2600 8 
2600 8 
2700 8 
2800 8 
2900 8 
2600 8 
4400 8 
2700 8 
2900 8 
2800 8 
2500 8 
2600 8 
2600 8 
2500 8 
3700 8 
2500 8 
3000 8 
3700 8 
3500 8 
3100 8 
2800 8 
5900 8 
3400 8 
3600 8 
2600 8 
2700 8 
2700 8 
3000 8 
2600 8 
3600 8 
2600 8 
2500 8 
2600 8 
2600 8 
3900 8 
2500 8 
2400 8 
2700 8 
4100 8 
2800 8 
2600 8 
2800 8 
2400 8 
2500 8 
2400 8 
2500 8 
3800 8 
2500 8 
2600 8 
3300 8 
2400 8 
2900 8 
2500 8 
2400 8 
4600 8 
2600 8 
2500 8 
2700 8 
2400 8 
3100 8 
2400 8 
2500 8 
2600 8 
3900 8 
3000 8 
2400 8 
2500 8 
2700 8 
2900 8 
2600 8 
3200 8 
4200 8 
2600 8 
2800 8 
2500 8 
2600 8 
2400 8 
2700 8 
2700 8 
4600 8 
3400 8 
44300 8 
5600 8 
24200 8 
1900 8 
1400 8 
17600 8 
11300 8 
1700 8 
1400 8 
1400 8 
9800 8 
1600 8 
1800 8 
2200 8 
2600 8 
1500 8 
1600 8 
1700 8 
1400 8 
1700 8 
1500 8 
1200 8 
2000 8 
2700 8 
2200 8 
1300 8 
1400 8 
1300 8 
2300 8 
1700 8 
1700 8 
2200 8 
1300 8 
1800 8 
1400 8 
1500 8 
6000 8 
2300 8 
1300 8 
2200 8 
1400 8 
1600 8 
1600 8 
1400 8 
1500 8 
1700 8 
1400 8 
2200 8 
1600 8 
1400 8 
1300 8 
1500 8 
1200 8 
1700 8 
1500 8 
2200 8 
1300 8 
1900 8 
1300 8 
1400 8 
6700 8 
1400 8 
1900 8 
1600 8 
4400 8 
1300 8 
1500 8 
1600 8 
1400 8 
1300 8 
1300 8 
1500 8 
1200 8 
2700 8 
1300 8 
1300 8 
1300 8 
1300 8 
1300 8 
1300 8 
1700 8 
1200 8 
2300 8 
1500 8 
1200 8 
1300 8 
2000 8 
1600 8 
1300 8 
1500 8 
4400 8 
1200 8 
1200 8 
1500 8 
1100 8 
1300 8 
1300 8 
1400 8 
2100 8 
1200 8 
1600 8 
1400 8 
1300 8 
1300 8 
1200 8 
1400 8 
3100 8 
1200 8 
1300 8 
1200 8 
1200 8 
1500 8 
1200 8 
1300 8 
1200 8 
2300 8 
1400 8 
6700 8 
1300 8 
1400 8 
1500 8 
1200 8 
1300 8 
1300 8 
2300 8 
1400 8 
1500 8 
1400 8 
1300 8 
1200 8 
2100 8 
1900 8 
2400 8 
1300 8 
1200 8 
1900 8 
1400 8 
1300 8 
1400 8 
1400 8 
2300 8 
1400 8 
1500 8 
1500 8 
1700 8 
1400 8 
1300 8 
1400 8 
1300 8 
2600 8 
1400 8 
1300 8 
1200 8 
1300 8 
1300 8 
1000 8 
1400 8 
1300 8 
2300 8 
1700 8 
1300 8 
1300 8 
1300 8 
1500 8 
1300 8 
1600 8 
1500 8 
2800 8 
1300 8 
1300 8 
1300 8 
1100 8 
1500 8 
1500 8 
1500 8 
2500 8 
1400 8 
1200 8 
1100 8 
1300 8 
1500 8 
1300 8 
1200 8 
1400 8 
4500 8 
1300 8 
1300 8 
1200 8 
1700 8 
1300 8 
1300 8 
1400 8 
1400 8 
2300 8 
1500 8 
1200 8 
1300 8 
1500 8 
1400 8 
1500 8 
1500 8 
1200 8 
2400 8 
1600 8 
1400 8 
1300 8 
1500 8 
1400 8 
4000 8 
1200 8 
2400 8 
1500 8 
1400 8 
1300 8 
1600 8 
1300 8 
1500 8 
1300 8 
2000 8 
1100 8 
1700 8 
1200 8 
1300 8 
1400 8 
1300 8 
1400 8 
1200 8 
2100 8 
1500 8 
1200 8 
1500 8 
1100 8 
1200 8 
1200 8 
1300 8 
1300 8 
6600 8 
1500 8 
1400 8 
1400 8 
1100 8 
1500 8 
1200 8 
1200 8 
1700 8 
2200 8 
1200 8 
1300 8 
1100 8 
1400 8 
1200 8 
1200 8 
1500 8 
2100 8 
1200 8 
1300 8 
1100 8 
1300 8 
1100 8 
2000 8 
1900 8 
1400 8 
3700 8 
1400 8 
1400 8 
1100 8 
1400 8 
1300 8 
1200 8 
1400 8 
2300 8 
1200 8 
1800 8 
1400 8 
1200 8 
1400 8 
1300 8 
1400 8 
1300 8 
4500 8 
1300 8 
1200 8 
1300 8 
1300 8 
1500 8 
1400 8 
1400 8 
4100 8 
1200 8 
1400 8 
1100 8 
1200 8 
1200 8 
7900 8 
1200 8 
1200 8 
2500 8 
1300 8 
1300 8 
1200 8 
1300 8 
1400 8 
1200 8 
1200 8 
1400 8 
3500 8 
1500 8 
1300 8 
1500 8 
1100 8 
1300 8 
1800 8 
1400 8 
1200 8 
2100 8 
1400 8 
1100 8 
1400 8 
1300 8 
1100 8 
1600 8 
1200 8 
2400 8 
1600 8 
1400 8 
1200 8 
1300 8 
1200 8 
2600 8 
1600 8 
2600 8 
1400 8 
1200 8 
1200 8 
1400 8 
1400 8 
1400 8 
1200 8 
1400 8 
4100 8 
1400 8 
1200 8 
1200 8 
1700 8 
1300 8 
1300 8 
1300 8 
2900 8 
1400 8 
1300 8 
1500 8 
1400 8 
1400 8 
1300 8 
1100 8 
1400 8 
2500 8 
1800 8 
1200 8 
1200 8 
1200 8 
1200 8 
1200 8 
1200 8 
1500 8 
2800 8 
1300 8 
1200 8 
1400 8 
1200 8 
1200 8 
1500 8 
1100 8 
1200 8 
2400 8 
1200 8 
1200 8 
1300 8 
1200 8 
1200 8 
1600 8 
1100 8 
4700 8 
1200 8 
1400 8 
1400 8 
1800 8 
1400 8 
1400 8 
1300 8 
1200 8 
4900 8 
1400 8 
1600 8 
1200 8 
1500 8 
1300 8 
1300 8 
1200 8 
1400 8 
2500 8 
1500 8 
1400 8 
1800 8 
1300 8 
1300 8 
5500 8 
1400 8 
5000 8 
1300 8 
1200 8 
1800 8 
1300 8 
1600 8 
1400 8 
1300 8 
2700 8 
1300 8 
1200 8 
1300 8 
1100 8 
2000 8 
1100 8 
1100 8 
1200 8 
2200 8 
1700 8 
1600 8 
1200 8 
1400 8 
1700 8 
1600 8 
1300 8 
3000 8 
1700 8 
1400 8 
1400 8 
1300 8 
1200 8 
1700 8 
2500 8 
1400 8 
4600 8 
1300 8 
1400 8 
1300 8 
1300 8 
1200 8 
2100 8 
1200 8 
1200 8 
2100 8 
1700 8 
1500 8 
2300 8 
1500 8 
1300 8 
1500 8 
2700 8 
1400 8 
1300 8 
2000 8 
1200 8 
1300 8 
1300 8 
1200 8 
1300 8 
3900 8 
1700 8 
1500 8 
1800 8 
1600 8 
1300 8 
4300 8 
2800 8 
1300 8 
1600 8 
1600 8 
1500 8 
1500 8 
1700 8 
4900 8 
1400 8 
1600 8 
1300 8 
1200 8 
1200 8 
1200 8 
1500 8 
4400 8 
1300 8 
1400 8 
1300 8 
1700 8 
1600 8 
1600 8 
1500 8 
4500 8 
1300 8 
1500 8 
1600 8 
1300 8 
1200 8 
1400 8 
1100 8 
1500 8 
2200 8 
1300 8 
1900 8 
1100 8 
1300 8 
1500 8 
1500 8 
1500 8 
2300 8 
1300 8 
1500 8 
1200 8 
11700 8 
1500 8 
1300 8 
1400 8 
1500 8 
2600 8 
1300 8 
1300 8 
1200 8 
1600 8 
1700 8 
1400 8 
1400 8 
1300 8 
4800 8 
1500 8 
1400 8 
1700 8 
1600 8 
1800 8 
1300 8 
1400 8 
1200 8 
3000 8 
1200 8 
1400 8 
5300 8 
1400 8 
1500 8 
1300 8 
32200 8 
7800 8 
1600 8 
1300 8 
1300 8 
1100 8 
1100 8 
1400 8 
1200 8 
1100 8 
2600 8 
1100 8 
1100 8 
1000 8 
1300 8 
800 8 
1000 8 
2100 8 
1200 8 
1000 8 
1100 8 
900 8 
1100 8 
1300 8 
1200 8 
1000 8 
1900 8 
1200 8 
1000 8 
1200 8 
1300 8 
1100 8 
1100 8 
1100 8 
1900 8 
800 8 
900 8 
1500 8 
1000 8 
1000 8 
1200 8 
1400 8 
900 8 
1900 8 
1000 8 
900 8 
1000 8 
1400 8 
1200 8 
800 8 
900 8 
1000 8 
1900 8 
1100 8 
1200 8 
1100 8 
1000 8 
1000 8 
900 8 
1000 8 
800 8 
1700 8 
1100 8 
900 8 
1000 8 
900 8 
1000 8 
1100 8 
1100 8 
1000 8 
1800 8 
1400 8 
1000 8 
1100 8 
900 8 
800 8 
1100 8 
1300 8 
2700 8 
1100 8 
2300 8 
1100 8 
1100 8 
1100 8 
900 8 
2100 8 
4500 9 
1500 9 
1200 9 
1000 9 
1400 9 
1100 9 
900 9 
2000 9 
900 9 
1500 9 
1400 9 
1400 9 
1100 9 
900 9 
2000 9 
1300 9 
900 9 
900 9 
1100 9 
1000 9 
1000 9 
1200 9 
2200 9 
1100 9 
1000 9 
1200 9 
1000 9 
900 9 
1000 9 
900 9 
900 9 
2100 9 
1500 9 
900 9 
900 9 
1000 9 
1700 9 
1900 9 
1400 9 
1200 9 
1100 9 
900 9 
900 9 
1100 9 
1000 9 
4500 9 
1200 9 
1300 9 
900 9 
1000 9 
1100 9 
1000 9 
1000 9 
1900 9 
900 9 
1100 9 
1100 9 
900 9 
3500 9 
900 9 
1000 9 
1900 9 
1600 9 
1000 9 
1100 9 
1200 9 
1200 9 
1100 9 
4200 9 
1200 9 
1900 9 
1000 9 
1200 9 
900 9 
2200 9 
1100 9 
1100 9 
1000 9 
1100 9 
900 9 
800 9 
900 9 
1100 9 
2000 9 
1300 9 
1000 9 
800 9 
1000 9 
900 9 
1200 9 
900 9 
2200 9 
900 9 
1000 9 
800 9 
1000 9 
1000 9 
1300 9 
1800 9 
900 9 
900 9 
800 9 
1100 9 
900 9 
800 9 
800 9 
900 9 
1800 9 
1000 9 
900 9 
1000 9 
1200 9 
1000 9 
900 9 
1600 9 
1900 9 
900 9 
900 9 
900 9 
1000 9 
1000 9 
1000 9 
2100 9 
900 9 
1000 9 
900 9 
1200 9 
1000 9 
1100 9 
900 9 
2300 9 
900 9 
1000 9 
900 9 
900 9 
900 9 
1000 9 
2000 9 
1100 9 
1200 9 
1100 9 
1100 9 
900 9 
700 9 
1900 9 
1000 9 
900 9 
1100 9 
800 9 
1000 9 
1000 9 
1000 9 
2100 9 
1200 9 
1000 9 
900 9 
900 9 
1200 9 
2400 9 
1000 9 
1200 9 
1300 9 
900 9 
800 9 
900 9 
800 9 
2000 9 
900 9 
900 9 
1300 9 
1000 9 
1100 9 
800 9 
2000 9 
900 9 
1000 9 
1000 9 
800 9 
1200 9 
900 9 
900 9 
1700 9 
1000 9 
900 9 
900 9 
700 9 
900 9 
1000 9 
800 9 
1000 9 
1900 9 
1100 9 
900 9 
1200 9 
1000 9 
800 9 
800 9 
1700 9 
900 9 
1200 9 
900 9 
800 9 
1000 9 
900 9 
900 9 
1800 9 
900 9 
1000 9 
900 9 
800 9 
1000 9 
900 9 
1000 9 
1800 9 
1000 9 
900 9 
800 9 
1000 9 
1400 9 
1000 9 
2400 9 
1200 9 
900 9 
1000 9 
900 9 
1000 9 
800 9 
1100 9 
2700 9 
800 9 
1400 9 
1100 9 
1200 9 
800 9 
1200 9 
2100 9 
900 9 
1000 9 
900 9 
800 9 
700 9 
900 9 
1000 9 
2000 9 
1100 9 
900 9 
900 9 
900 9 
700 9 
1000 9 
1900 9 
900 9 
1000 9 
800 9 
800 9 
700 9 
900 9 
1100 9 
2100 9 
1300 9 
900 9 
800 9 
800 9 
1100 9 
1000 9 
1800 9 
1400 9 
1100 9 
1000 9 
800 9 
900 9 
800 9 
1000 9 
1800 9 
900 9 
800 9 
1200 9 
900 9 
800 9 
900 9 
900 9 
1800 9 
900 9 
900 9 
900 9 
900 9 
900 9 
900 9 
900 9 
4100 9 
1000 9 
700 9 
1000 9 
1000 9 
1000 9 
900 9 
800 9 
1900 9 
1000 9 
900 9 
1000 9 
1000 9 
900 9 
900 9 
900 9 
2100 9 
900 9 
900 9 
1000 9 
900 9 
1100 9 
800 9 
1000 9 
1800 9 
700 9 
900 9 
900 9 
1000 9 
900 9 
1000 9 
1000 9 
1700 9 
800 9 
1100 9 
1000 9 
800 9 
900 9 
1100 9 
2200 9 
1000 9 
1000 9 
700 9 
800 9 
1000 9 
800 9 
800 9 
2000 9 
900 9 
1000 9 
1000 9 
900 9 
800 9 
900 9 
800 9 
1800 9 
900 9 
800 9 
1000 9 
1000 9 
900 9 
1100 9 
900 9 
2200 9 
1100 9 
900 9 
1000 9 
1000 9 
800 9 
800 9 
2000 9 
900 9 
1000 9 
800 9 
1000 9 
800 9 
1000 9 
700 9 
2000 9 
1200 9 
1000 9 
1100 9 
800 9 
1300 9 
1000 9 
1700 9 
1100 9 
900 9 
800 9 
800 9 
900 9 
1300 9 
1000 9 
3600 9 
800 9 
900 9 
1100 9 
900 9 
800 9 
700 9 
800 9 
2000 9 
1100 9 
1100 9 
1000 9 
800 9 
1000 9 
1100 9 
800 9 
1900 9 
6800 9 
900 9 
900 9 
1000 9 
800 9 
1000 9 
2000 9 
900 9 
5200 9 
800 9 
900 9 
900 9 
900 9 
1100 9 
700 9 
4200 9 
900 9 
800 9 
900 9 
1000 9 
900 9 
1000 9 
1000 9 
2000 9 
800 9 
1000 9 
900 9 
1000 9 
800 9 
1000 9 
1300 9 
1800 9 
1300 9 
1100 9 
1100 9 
800 9 
900 9 
900 9 
1800 9 
1200 9 
1000 9 
800 9 
900 9 
900 9 
1000 9 
800 9 
900 9 
2100 9 
1000 9 
900 9 
1000 9 
900 9 
1200 9 
2100 9 
1300 9 
800 9 
900 9 
900 9 
1100 9 
900 9 
1400 9 
800 9 
1900 9 
900 9 
800 9 
1000 9 
1300 9 
1000 9 
900 9 
2400 9 
1100 9 
1200 9 
1100 9 
900 9 
900 9 
800 9 
900 9 
3900 9 
1000 9 
1100 9 
900 9 
900 9 
900 9 
1000 9 
1000 9 
1900 9 
1000 9 
900 9 
900 9 
1000 9 
1100 9 
800 9 
1100 9 
1900 9 
900 9 
1400 9 
1100 9 
900 9 
1000 9 
800 9 
1000 9 
1900 9 
1000 9 
800 9 
900 9 
800 9 
1000 9 
1000 9 
1000 9 
1700 9 
1100 9 
1000 9 
1000 9 
900 9 
1000 9 
1000 9 
900 9 
1800 9 
900 9 
1200 9 
1000 9 
1000 9 
1000 9 
900 9 
800 9 
2000 9 
1100 9 
800 9 
900 9 
900 9 
800 9 
700 9 
800 9 
2000 9 
1000 9 
1000 9 
1300 9 
1000 9 
1000 9 
900 9 
1700 9 
800 9 
800 9 
900 9 
900 9 
700 9 
1000 9 
900 9 
1800 9 
1100 9 
900 9 
900 9 
1100 9 
1000 9 
900 9 
1000 9 
1800 9 
1000 9 
900 9 
1100 9 
900 9 
900 9 
800 9 
2300 9 
1900 9 
1000 9 
1400 9 
800 9 
900 9 
800 9 
1300 9 
2200 9 
1000 9 
900 9 
900 9 
900 9 
900 9 
1200 9 
1800 9 
800 9 
900 9 
800 9 
1000 9 
900 9 
900 9 
800 9 
2100 9 
900 9 
1000 9 
1000 9 
800 9 
800 9 
900 9 
800 9 
2000 9 
1100 9 
800 9 
900 9 
800 9 
800 9 
800 9 
800 9 
1900 9 
1100 9 
700 9 
900 9 
900 9 
1000 9 
1700 9 
2000 9 
900 9 
800 9 
900 9 
800 9 
1200 9 
1100 9 
900 9 
2000 9 
1000 9 
900 9 
1000 9 
900 9 
900 9 
900 9 
900 9 
1800 9 
1200 9 
800 9 
900 9 
800 9 
800 9 
700 9 
800 9 
1900 9 
1000 9 
900 9 
800 9 
900 9 
1200 9 
900 9 
800 9 
2200 9 
1100 9 
900 9 
900 9 
1100 9 
1000 9 
900 9 
1000 9 
1600 9 
1200 9 
900 9 
800 9 
700 9 
900 9 
900 9 
1000 9 
1800 9 
1000 9 
900 9 
1000 9 
1000 9 
1000 9 
4400 9 
1100 9 
800 9 
800 9 
800 9 
1100 9 
900 9 
900 9 
1800 9 
1000 9 
900 9 
1100 9 
900 9 
800 9 
800 9 
1100 9 
1800 9 
1000 9 
800 9 
1100 9 
1100 9 
900 9 
800 9 
3900 9 
1400 9 
1000 9 
900 9 
800 9 
900 9 
1000 9 
3700 9 
900 9 
1000 9 
1200 9 
1000 9 
900 9 
800 9 
900 9 
2000 9 
1500 9 
1000 9 
900 9 
900 9 
700 9 
800 9 
2600 9 
1000 9 
1100 9 
1000 9 
900 9 
1700 9 
900 9 
3800 9 
1100 9 
1100 9 
900 9 
1000 9 
900 9 
800 9 
1300 9 
4100 9 
800 9 
800 9 
900 9 
1100 9 
1000 9 
900 9 
1800 9 
900 9 
900 9 
900 9 
1000 9 
800 9 
1000 9 
1000 9 
900 9 
1800 9 
900 9 
800 9 
800 9 
900 9 
1100 9 
800 9 
1300 9 
1700 9 
1000 9 
900 9 
800 9 
1000 9 
800 9 
1100 9 
1000 9 
1800 9 
1100 9 
900 9 
900 9 
900 9 
1100 9 
800 9 
2000 9 
1000 9 
900 9 
900 9 
900 9 
1200 9 
800 9 
1200 9 
1700 9 
900 9 
900 9 
1000 9 
1100 9 
1000 9 
1100 9 
2100 9 
1100 9 
800 9 
1000 9 
900 9 
900 9 
800 9 
900 9 
2000 9 
1000 9 
1000 9 
1300 9 
900 9 
1000 9 
2200 9 
1000 9 
900 9 
900 9 
900 9 
1000 9 
1200 9 
900 9 
1800 9 
1100 9 
900 9 
1000 9 
900 9 
1300 9 
900 9 
800 9 
1900 9 
1000 9 
1000 9 
900 9 
1100 9 
1000 9 
900 9 
1800 9 
1000 9 
900 9 
800 9 
900 9 
1000 9 
1000 9 
1100 9 
1700 9 
800 9 
800 9 
1000 9 
1000 9 
900 9 
800 9 
1000 9 
1900 9 
1200 9 
1000 9 
1000 9 
1300 9 
900 9 
1300 9 
1800 9 
1000 9 
1000 9 
900 9 
800 9 
800 9 
900 9 
900 9 
2200 9 
1000 9 
1000 9 
800 9 
900 9 
1200 9 
900 9 
900 9 
2100 9 
900 9 
1000 9 
1000 9 
900 9 
900 9 
900 9 
1000 9 
2200 9 
1100 9 
900 9 
1000 9 
1000 9 
800 9 
900 9 
1000 9 
1800 9 
1100 9 
1000 9 
800 9 
800 9 
800 9 
1000 9 
2000 9 
900 9 
1100 9 
800 9 
900 9 
1200 9 
900 9 
700 9 
1800 9 
900 9 
900 9 
1000 9 
900 9 
1100 9 
900 9 
800 9 
1000 9 
2700 9 
1100 9 
1000 9 
1000 9 
2000 9 
1200 9 
2000 9 
1200 9 
1100 9 
1000 9 
1000 9 
900 9 
800 9 
1000 9 
1700 9 
1000 9 
1000 9 
4300 9 
1000 9 
1000 9 
1000 9 
1800 9 
1000 9 
900 9 
1000 9 
900 9 
1000 9 
900 9 
1000 9 
1100 9 
1900 9 
1200 9 
1100 9 
800 9 
1100 9 
900 9 
1000 9 
1900 9 
900 9 
900 9 
1000 9 
900 9 
800 9 
900 9 
900 9 
1700 9 
1000 9 
1000 9 
1100 9 
900 9 
1000 9 
900 9 
800 9 
1800 9 
1600 9 
1000 9 
1000 9 
1300 9 
900 9 
1100 9 
2100 9 
1000 9 
1500 9 
1100 9 
1100 9 
900 9 
1100 9 
1000 9 
2000 9 
1000 9 
1000 9 
1000 9 
900 9 
1300 9 
1200 9 
1800 9 
1100 9 
900 9 
900 9 
900 9 
1200 9 
1100 9 
1900 9 
1200 9 
1100 9 
900 9 
1000 9 
1000 9 
1300 9 
4900 9 
900 9 
1200 9 
1000 9 
1200 9 
900 9 
1100 9 
900 9 
1900 9 
1000 9 
900 9 
1000 9 
1200 9 
1000 9 
900 9 
900 9 
1900 9 
1100 9 
800 9 
900 9 
700 9 
800 9 
800 9 
900 9 
2100 9 
1000 9 
900 9 
800 9 
900 9 
900 9 
900 9 
1000 9 
1900 9 
1000 9 
1000 9 
1000 9 
900 9 
800 9 
700 9 
700 9 
1800 9 
1000 9 
1000 9 
800 9 
900 9 
900 9 
900 9 
900 9 
2000 9 
1000 9 
800 9 
800 9 
1100 9 
1000 9 
1000 9 
1400 9 
2000 9 
1100 9 
1000 9 
800 9 
1000 9 
1000 9 
800 9 
1700 9 
1100 9 
800 9 
800 9 
900 9 
900 9 
900 9 
900 9 
1800 9 
900 9 
800 9 
900 9 
800 9 
1300 9 
900 9 
1200 9 
2100 9 
900 9 
1200 9 
900 9 
900 9 
900 9 
900 9 
1000 9 
1700 9 
900 9 
900 9 
900 9 
1100 9 
1000 9 
900 9 
900 9 
1800 9 
1100 9 
900 9 
800 9 
900 9 
900 9 
1200 9 
800 9 
1600 9 
800 9 
1000 9 
1400 9 
900 9 
1000 9 
900 9 
2000 9 
1000 9 
1000 9 
800 9 
900 9 
1000 9 
900 9 
1000 9 
1900 9 
900 9 
900 9 
900 9 
700 9 
900 9 
900 9 
1000 9 
2000 9 
900 9 
900 9 
1000 9 
1000 9 
1000 9 
800 9 
3900 9 
1100 9 
1200 9 
900 9 
900 9 
800 9 
900 9 
900 9 
1800 9 
900 9 
800 9 
800 9 
800 9 
1000 9 
800 9 
900 9 
1800 9 
1000 9 
1000 9 
900 9 
900 9 
800 9 
1000 9 
1000 9 
1700 9 
900 9 
1000 9 
800 9 
800 9 
900 9 
1000 9 
800 9 
1700 9 
1000 9 
900 9 
1200 9 
1000 9 
800 9 
1000 9 
800 9 
3800 9 
1200 9 
1000 9 
1000 9 
1100 9 
900 9 
1200 9 
3600 9 
1000 9 
1500 9 
1300 9 
1100 9 
1100 9 
900 9 
1800 9 
900 9 
900 9 
900 9 
800 9 
900 9 
1000 9 
900 9 
2200 9 
1100 9 
1100 9 
1000 9 
900 9 
800 9 
900 9 
900 9 
1800 9 
1100 9 
900 9 
900 9 
1100 9 
900 9 
900 9 
900 9 
1800 9 
1200 9 
1000 9 
1100 9 
1000 9 
1100 9 
900 9 
1600 9 
900 9 
1000 9 
1100 9 
900 9 
800 9 
900 9 
800 9 
1700 9 
1100 9 
800 9 
900 9 
900 9 
1000 9 
900 9 
700 9 
1900 9 
1000 9 
900 9 
900 9 
800 9 
1000 9 
900 9 
1100 9 
2000 9 
1100 9 
2600 9 
1300 9 
900 9 
1000 9 
900 9 
2000 9 
900 9 
1000 9 
900 9 
1200 9 
1000 9 
900 9 
1800 9 
1000 9 
900 9 
1100 9 
900 9 
800 9 
900 9 
1000 9 
1900 9 
1100 9 
1000 9 
900 9 
900 9 
800 9 
1000 9 
900 9 
2000 9 
1000 9 
800 9 
1000 9 
1000 9 
1000 9 
900 9 
1000 9 
1800 9 
1000 9 
800 9 
1000 9 
800 9 
900 9 
700 9 
800 9 
2000 9 
1100 9 
1000 9 
800 9 
1000 9 
900 9 
1100 9 
1100 9 
1900 9 
1000 9 
900 9 
900 9 
900 9 
800 9 
1000 9 
900 9 
2100 9 
900 9 
1300 9 
1100 9 
1000 9 
1500 9 
900 9 
900 9 
2000 9 
900 9 
900 9 
1000 9 
1000 9 
1000 9 
900 9 
2000 9 
900 9 
900 9 
1000 9 
1000 9 
900 9 
900 9 
1900 9 
1000 9 
800 9 
800 9 
1200 9 
1000 9 
900 9 
800 9 
900 9 
2100 9 
900 9 
1300 9 
800 9 
1100 9 
1000 9 
1000 9 
4300 9 
1000 9 
900 9 
1000 9 
900 9 
900 9 
900 9 
1200 9 
3800 9 
1100 9 
800 9 
900 9 
1200 9 
900 9 
900 9 
1700 9 
900 9 
900 9 
1100 9 
1100 9 
1000 9 
800 9 
800 9 
3900 9 
1100 9 
1000 9 
900 9 
900 9 
1000 9 
800 9 
800 9 
900 9 
3900 9 
900 9 
900 9 
800 9 
1100 9 
900 9 
900 9 
1900 9 
1100 9 
900 9 
1000 9 
800 9 
1000 9 
800 9 
1800 9 
900 9 
900 9 
900 9 
1000 9 
1000 9 
1300 9 
1000 9 
2000 9 
1000 9 
900 9 
1000 9 
800 9 
800 9 
1100 9 
1100 9 
1800 9 
1000 9 
800 9 
900 9 
1300 9 
800 9 
1100 9 
2100 9 
1000 9 
1100 9 
900 9 
900 9 
1100 9 
800 9 
1200 9 
2000 9 
1100 9 
1000 9 
900 9 
1200 9 
1000 9 
900 9 
2000 9 
1500 9 
1000 9 
1000 9 
900 9 
900 9 
900 9 
800 9 
1700 9 
1000 9 
900 9 
800 9 
900 9 
900 9 
800 9 
800 9 
4100 9 
900 9 
900 9 
900 9 
800 9 
900 9 
800 9 
800 9 
2000 9 
1100 9 
1200 9 
1000 9 
900 9 
1100 9 
1000 9 
3700 9 
1100 9 
900 9 
800 9 
1000 9 
1100 9 
1100 9 
1000 9 
1600 9 
800 9 
900 9 
1000 9 
1000 9 
800 9 
800 9 
1000 9 
1900 9 
1000 9 
800 9 
900 9 
1000 9 
900 9 
900 9 
1100 9 
1900 9 
1000 9 
1100 9 
900 9 
1100 9 
1000 9 
1400 9 
1900 9 
1000 9 
900 9 
900 9 
900 9 
800 9 
800 9 
1000 9 
2000 9 
900 9 
1400 9 
800 9 
1000 9 
1000 9 
1100 9 
2100 9 
900 9 
1300 9 
1100 9 
1000 9 
1000 9 
1000 9 
900 9 
2200 9 
1100 9 
900 9 
1000 9 
1100 9 
1200 9 
1000 9 
4200 9 
1000 9 
1000 9 
900 9 
800 9 
900 9 
1000 9 
900 9 
3800 9 
1100 9 
1000 9 
900 9 
900 9 
800 9 
1000 9 
2000 9 
800 9 
1000 9 
1000 9 
1500 9 
900 9 
900 9 
1200 9 
1800 9 
900 9 
900 9 
1100 9 
1000 9 
900 9 
1100 9 
1700 9 
800 9 
900 9 
1000 9 
1000 9 
900 9 
1000 9 
1000 9 
1700 9 
800 9 
900 9 
900 9 
1200 9 
900 9 
800 9 
1100 9 
1700 9 
1000 9 
1100 9 
800 9 
1100 9 
1000 9 
900 9 
1800 9 
900 9 
1000 9 
900 9 
1100 9 
1100 9 
2400 9 
1100 9 
900 9 
900 9 
1000 9 
1400 9 
1000 9 
1000 9 
1800 9 
900 9 
900 9 
800 9 
900 9 
800 9 
800 9 
3900 9 
1000 9 
1000 9 
1600 9 
900 9 
1000 9 
1000 9 
3700 9 
1000 9 
1200 9 
900 9 
900 9 
900 9 
1100 9 
800 9 
1800 9 
1000 9 
900 9 
1000 9 
900 9 
800 9 
1000 9 
900 9 
900 9 
1900 9 
1000 9 
1000 9 
1000 9 
900 9 
900 9 
1300 9 
2900 9 
1000 9 
900 9 
1000 9 
1000 9 
900 9 
1000 9 
1800 9 
1000 9 
900 9 
900 9 
1000 9 
1100 9 
1100 9 
1800 9 
1000 9 
1400 9 
900 9 
900 9 
900 9 
1300 9 
3900 9 
1000 9 
1000 9 
900 9 
1100 9 
800 9 
1300 9 
1900 9 
1000 9 
1000 9 
1000 9 
900 9 
1000 9 
1000 9 
1100 9 
1900 9 
900 9 
900 9 
900 9 
1000 9 
1000 9 
800 9 
800 9 
3600 9 
900 9 
900 9 
900 9 
900 9 
1000 9 
900 9 
900 9 
1900 9 
1000 9 
900 9 
1000 9 
1000 9 
900 9 
900 9 
1100 9 
1700 9 
1100 9 
900 9 
900 9 
800 9 
1100 9 
900 9 
900 9 
900 9 
1900 9 
1200 9 
1100 9 
900 9 
1000 9 
1200 9 
1200 9 
5400 9 
900 9 
900 9 
900 9 
1000 9 
900 9 
900 9 
900 9 
2200 9 
1000 9 
900 9 
1200 9 
900 9 
800 9 
800 9 
900 9 
1800 9 
1200 9 
900 9 
900 9 
800 9 
800 9 
800 9 
900 9 
3900 9 
900 9 
900 9 
1000 9 
900 9 
800 9 
900 9 
900 9 
2000 9 
900 9 
800 9 
800 9 
1000 9 
900 9 
800 9 
1100 9 
1700 9 
1100 9 
1000 9 
800 9 
800 9 
1100 9 
900 9 
1000 9 
4000 9 
1100 9 
1100 9 
800 9 
800 9 
800 9 
1000 9 
900 9 
3800 9 
900 9 
1000 9 
900 9 
1100 9 
1000 9 
800 9 
800 9 
1700 9 
1300 9 
900 9 
900 9 
1000 9 
1000 9 
800 9 
900 9 
3100 9 
1100 9 
1000 9 
900 9 
900 9 
800 9 
1000 9 
1000 9 
1800 9 
900 9 
1100 9 
1000 9 
700 9 
800 9 
900 9 
1000 9 
3200 9 
1100 9 
1000 9 
900 9 
800 9 
800 9 
1200 9 
900 9 
1900 9 
900 9 
900 9 
900 9 
800 9 
800 9 
1000 9 
800 9 
3100 9 
1000 9 
900 9 
900 9 
900 9 
800 9 
800 9 
1700 9 
900 9 
1000 9 
1000 9 
1200 9 
900 9 
900 9 
1000 9 
3400 9 
800 9 
900 9 
1000 9 
800 9 
900 9 
1100 9 
1900 9 
900 9 
1100 9 
1200 9 
1000 9 
900 9 
900 9 
800 9 
1700 9 
800 9 
900 9 
1200 9 
1000 9 
900 9 
800 9 
800 9 
1700 9 
1000 9 
800 9 
900 9 
900 9 
1000 9 
1000 9 
1600 9 
900 9 
1000 9 
900 9 
800 9 
900 9 
800 9 
900 9 
1000 9 
1900 9 
900 9 
900 9 
1100 9 
1000 9 
900 9 
800 9 
800 9 
1700 9 
900 9 
900 9 
1000 9 
900 9 
800 9 
900 9 
800 9 
1800 9 
800 9 
900 9 
900 9 
900 9 
1100 9 
900 9 
1000 9 
1800 9 
1000 9 
1000 9 
900 9 
800 9 
800 9 
1000 9 
800 9 
1700 9 
800 9 
1300 9 
900 9 
900 9 
1000 9 
900 9 
1800 9 
1200 9 
3000 9 
900 9 
900 9 
900 9 
800 9 
900 9 
3500 9 
1200 9 
800 9 
1000 9 
1000 9 
1100 9 
800 9 
900 9 
900 9 
3800 9 
800 9 
900 9 
900 9 
800 9 
2300 9 
4100 10 
1300 10 
1000 10 
1200 10 
900 10 
1000 10 
1000 10 
1000 10 
1900 10 
1100 10 
800 10 
1000 10 
1100 10 
1000 10 
1000 10 
2000 10 
900 10 
1100 10 
1000 10 
1500 10 
1100 10 
1100 10 
3800 10 
1300 10 
900 10 
900 10 
1100 10 
1100 10 
1100 10 
1900 10 
1200 10 
900 10 
1000 10 
800 10 
900 10 
1000 10 
2200 10 
1100 10 
1100 10 
900 10 
1200 10 
900 10 
1000 10 
1900 10 
1100 10 
800 10 
900 10 
800 10 
1100 10 
1400 10 
1900 10 
1100 10 
1000 10 
1100 10 
1000 10 
1100 10 
1100 10 
2300 10 
1000 10 
1000 10 
800 10 
900 10 
1000 10 
1000 10 
900 10 
2300 10 
1200 10 
1100 10 
900 10 
1200 10 
1000 10 
900 10 
1900 10 
1000 10 
1200 10 
900 10 
1000 10 
900 10 
1000 10 
1800 10 
1000 10 
1100 10 
1000 10 
1000 10 
1300 10 
1100 10 
900 10 
2100 10 
1000 10 
1200 10 
900 10 
1200 10 
1100 10 
1000 10 
4500 10 
1000 10 
1200 10 
1300 10 
1000 10 
1300 10 
900 10 
3600 10 
1400 10 
1000 10 
1000 10 
1000 10 
1000 10 
2000 10 
1000 10 
1200 10 
900 10 
900 10 
1000 10 
1100 10 
900 10 
1700 10 
1200 10 
1100 10 
1000 10 
1000 10 
900 10 
900 10 
1900 10 
1000 10 
1000 10 
1100 10 
900 10 
900 10 
900 10 
900 10 
1900 10 
1000 10 
900 10 
1000 10 
900 10 
900 10 
1000 10 
2000 10 
1100 10 
900 10 
1100 10 
900 10 
900 10 
1900 10 
4900 10 
900 10 
1200 10 
1200 10 
3000 10 
900 10 
1700 10 
1100 10 
1000 10 
800 10 
900 10 
1200 10 
900 10 
1900 10 
900 10 
900 10 
900 10 
1100 10 
1000 10 
800 10 
1700 10 
800 10 
1000 10 
1000 10 
1300 10 
1000 10 
900 10 
900 10 
3800 10 
900 10 
800 10 
800 10 
900 10 
1100 10 
1000 10 
4800 10 
1100 10 
1200 10 
1200 10 
1000 10 
1000 10 
1900 10 
1000 10 
1600 10 
1000 10 
1200 10 
1000 10 
1300 10 
2200 10 
900 10 
1200 10 
900 10 
1000 10 
1000 10 
900 10 
1900 10 
1000 10 
1100 10 
1000 10 
900 10 
1000 10 
1000 10 
2000 10 
1100 10 
1100 10 
900 10 
900 10 
1000 10 
1000 10 
4100 10 
1200 10 
900 10 
900 10 
1100 10 
900 10 
900 10 
1900 10 
1100 10 
8000 10 
1000 10 
1500 10 
1000 10 
1900 10 
1000 10 
1100 10 
1000 10 
1100 10 
1000 10 
1000 10 
2000 10 
1100 10 
900 10 
1000 10 
1000 10 
1000 10 
1200 10 
2100 10 
1000 10 
1000 10 
800 10 
800 10 
800 10 
1000 10 
30100 10 
7000 10 
1000 10 
1300 10 
1000 10 
1000 10 
900 10 
1900 10 
1100 10 
1400 10 
1400 10 
1100 10 
1200 10 
1400 10 
2100 10 
1500 10 
1300 10 
900 10 
900 10 
1500 10 
1200 10 
2000 10 
1100 10 
1700 10 
900 10 
1200 10 
1000 10 
1000 10 
1800 10 
1100 10 
1000 10 
1100 10 
1000 10 
1100 10 
1000 10 
1700 10 
1200 10 
1300 10 
1100 10 
1300 10 
1000 10 
1000 10 
900 10 
2100 10 
1100 10 
1200 10 
1100 10 
900 10 
1000 10 
1800 10 
1200 10 
800 10 
900 10 
1200 10 
1000 10 
1000 10 
2000 10 
1000 10 
800 10 
1100 10 
1100 10 
900 10 
1100 10 
1900 10 
900 10 
1000 10 
1200 10 
900 10 
900 10 
900 10 
1800 10 
1100 10 
1100 10 
800 10 
800 10 
900 10 
1400 10 
900 10 
4000 10 
900 10 
800 10 
1200 10 
900 10 
900 10 
1100 10 
1800 10 
1000 10 
900 10 
800 10 
1000 10 
1000 10 
1000 10 
1600 10 
900 10 
1000 10 
4200 10 
1100 10 
1100 10 
900 10 
800 10 
1600 10 
800 10 
1100 10 
900 10 
800 10 
900 10 
900 10 
1500 10 
800 10 
1000 10 
900 10 
1200 10 
900 10 
900 10 
1600 10 
1000 10 
900 10 
900 10 
1200 10 
700 10 
900 10 
1900 10 
1200 10 
900 10 
1100 10 
900 10 
1200 10 
900 10 
1700 10 
1000 10 
1000 10 
800 10 
1000 10 
1000 10 
1000 10 
2300 10 
1100 10 
900 10 
1100 10 
1100 10 
800 10 
800 10 
900 10 
1900 10 
1000 10 
1000 10 
1000 10 
1000 10 
1000 10 
900 10 
1900 10 
900 10 
800 10 
1000 10 
1000 10 
800 10 
1100 10 
1800 10 
900 10 
700 10 
900 10 
800 10 
900 10 
800 10 
3900 10 
1200 10 
900 10 
1200 10 
900 10 
900 10 
900 10 
1900 10 
900 10 
800 10 
900 10 
1000 10 
800 10 
900 10 
800 10 
2000 10 
1000 10 
900 10 
800 10 
800 10 
900 10 
900 10 
1900 10 
700 10 
900 10 
900 10 
900 10 
1000 10 
900 10 
800 10 
1800 10 
1200 10 
1100 10 
1000 10 
900 10 
1100 10 
900 10 
1800 10 
900 10 
1100 10 
900 10 
800 10 
800 10 
800 10 
1800 10 
1000 10 
1100 10 
1000 10 
900 10 
900 10 
1000 10 
1700 10 
1100 10 
1000 10 
800 10 
700 10 
1000 10 
1000 10 
900 10 
1900 10 
1100 10 
1000 10 
1100 10 
900 10 
1300 10 
900 10 
2200 10 
1000 10 
1000 10 
800 10 
1000 10 
1200 10 
1800 10 
1200 10 
900 10 
900 10 
900 10 
900 10 
1000 10 
1700 10 
900 10 
1200 10 
1200 10 
900 10 
1200 10 
2000 10 
1000 10 
900 10 
900 10 
700 10 
900 10 
800 10 
2700 10 
1100 10 
900 10 
1100 10 
1000 10 
1100 10 
1900 10 
800 10 
1100 10 
900 10 
1000 10 
1000 10 
700 10 
1000 10 
1700 10 
900 10 
900 10 
800 10 
800 10 
800 10 
800 10 
1000 10 
1700 10 
900 10 
800 10 
900 10 
800 10 
700 10 
900 10 
2100 10 
900 10 
800 10 
1000 10 
800 10 
1200 10 
900 10 
1900 10 
800 10 
900 10 
1100 10 
800 10 
800 10 
800 10 
900 10 
1900 10 
1000 10 
800 10 
1000 10 
1100 10 
800 10 
1800 10 
1000 10 
900 10 
900 10 
1000 10 
900 10 
900 10 
900 10 
1800 10 
1000 10 
800 10 
1100 10 
800 10 
700 10 
800 10 
1800 10 
900 10 
800 10 
900 10 
1000 10 
900 10 
900 10 
1400 10 
1800 10 
1100 10 
900 10 
800 10 
900 10 
900 10 
900 10 
2000 10 
800 10 
800 10 
900 10 
900 10 
900 10 
900 10 
1900 10 
900 10 
900 10 
1000 10 
1000 10 
900 10 
1200 10 
6700 10 
1000 10 
900 10 
900 10 
900 10 
1000 10 
1800 10 
1000 10 
900 10 
800 10 
1000 10 
1000 10 
900 10 
1000 10 
1900 10 
800 10 
1000 10 
800 10 
1000 10 
800 10 
1000 10 
1900 10 
900 10 
900 10 
1000 10 
900 10 
1000 10 
900 10 
2000 10 
1000 10 
900 10 
1000 10 
800 10 
1000 10 
1200 10 
1700 10 
1100 10 
800 10 
900 10 
900 10 
900 10 
900 10 
2000 10 
800 10 
1100 10 
900 10 
900 10 
1000 10 
900 10 
1900 10 
900 10 
900 10 
800 10 
900 10 
900 10 
1100 10 
2000 10 
900 10 
900 10 
1500 10 
1000 10 
900 10 
2000 10 
1000 10 
900 10 
1100 10 
1000 10 
1200 10 
900 10 
800 10 
1800 10 
1100 10 
900 10 
1300 10 
1000 10 
1000 10 
1000 10 
1900 10 
900 10 
900 10 
1100 10 
900 10 
1000 10 
1300 10 
1900 10 
1300 10 
900 10 
900 10 
1200 10 
900 10 
2000 10 
900 10 
700 10 
900 10 
1000 10 
900 10 
1100 10 
1000 10 
2000 10 
800 10 
1000 10 
900 10 
900 10 
1000 10 
1000 10 
2100 10 
1100 10 
1000 10 
900 10 
1100 10 
1300 10 
2000 10 
1300 10 
1200 10 
900 10 
3400 10 
1000 10 
1800 10 
1100 10 
900 10 
800 10 
900 10 
1000 10 
900 10 
900 10 
1900 10 
1000 10 
900 10 
800 10 
800 10 
700 10 
1100 10 
1800 10 
900 10 
900 10 
900 10 
800 10 
1000 10 
1100 10 
1000 10 
1800 10 
800 10 
800 10 
900 10 
1000 10 
1000 10 
1100 10 
1800 10 
800 10 
800 10 
1200 10 
900 10 
900 10 
900 10 
1800 10 
1000 10 
1000 10 
800 10 
1000 10 
1000 10 
800 10 
1800 10 
1100 10 
1000 10 
1000 10 
800 10 
900 10 
1800 10 
1800 10 
1200 10 
1200 10 
1000 10 
1000 10 
1000 10 
1900 10 
1000 10 
1000 10 
1000 10 
800 10 
1000 10 
900 10 
900 10 
1900 10 
900 10 
800 10 
1200 10 
1300 10 
800 10 
900 10 
2000 10 
1000 10 
800 10 
900 10 
1200 10 
900 10 
1000 10 
1900 10 
900 10 
1100 10 
800 10 
800 10 
900 10 
1100 10 
1800 10 
700 10 
900 10 
1100 10 
900 10 
1000 10 
1100 10 
1900 10 
1100 10 
1000 10 
1100 10 
900 10 
1000 10 
700 10 
2200 10 
1000 10 
900 10 
900 10 
1100 10 
800 10 
900 10 
1900 10 
5000 10 
800 10 
1100 10 
900 10 
1100 10 
1000 10 
1800 10 
900 10 
1400 10 
1000 10 
900 10 
1000 10 
1800 10 
1100 10 
800 10 
800 10 
1000 10 
1000 10 
800 10 
1800 10 
800 10 
1200 10 
900 10 
900 10 
900 10 
1000 10 
1500 10 
1300 10 
1000 10 
900 10 
900 10 
900 10 
900 10 
800 10 
2200 10 
800 10 
1100 10 
1100 10 
900 10 
800 10 
800 10 
1700 10 
900 10 
900 10 
800 10 
700 10 
1100 10 
1000 10 
2100 10 
900 10 
1100 10 
900 10 
900 10 
700 10 
1600 10 
1000 10 
800 10 
900 10 
1400 10 
900 10 
800 10 
1700 10 
1000 10 
1200 10 
1000 10 
1000 10 
800 10 
1100 10 
1800 10 
1100 10 
900 10 
1100 10 
900 10 
1000 10 
3400 10 
2000 10 
1200 10 
1000 10 
900 10 
900 10 
700 10 
1000 10 
1700 10 
1100 10 
900 10 
900 10 
900 10 
1000 10 
1000 10 
1800 10 
800 10 
1600 10 
1100 10 
900 10 
1000 10 
1800 10 
1100 10 
1100 10 
1100 10 
1000 10 
900 10 
800 10 
1000 10 
2000 10 
1100 10 
1100 10 
900 10 
1000 10 
900 10 
5400 10 
1100 10 
1300 10 
1600 10 
1100 10 
1200 10 
2100 10 
1100 10 
1300 10 
1100 10 
1200 10 
1100 10 
1200 10 
1200 10 
2000 10 
2700 10 
1300 10 
1000 10 
1300 10 
1000 10 
1300 10 
1900 10 
900 10 
1800 10 
1300 10 
1100 10 
1300 10 
1200 10 
1900 10 
1100 10 
1100 10 
1100 10 
1000 10 
1100 10 
1400 10 
2000 10 
1300 10 
1100 10 
1000 10 
1000 10 
1300 10 
1100 10 
2000 10 
1000 10 
1100 10 
1000 10 
1200 10 
1100 10 
1100 10 
4400 10 
1400 10 
1100 10 
1000 10 
1000 10 
1000 10 
1100 10 
2600 10 
1200 10 
1100 10 
1100 10 
1100 10 
1000 10 
1000 10 
4000 10 
1200 10 
1000 10 
900 10 
1300 10 
1200 10 
1100 10 
2000 10 
1500 10 
1200 10 
1200 10 
1100 10 
1100 10 
1000 10 
3800 10 
1200 10 
1200 10 
1100 10 
1100 10 
1000 10 
1200 10 
2100 10 
1200 10 
1100 10 
1200 10 
900 10 
1000 10 
1200 10 
1000 10 
2400 10 
1200 10 
900 10 
1100 10 
1000 10 
800 10 
1000 10 
2200 10 
1100 10 
1000 10 
900 10 
900 10 
1000 10 
1100 10 
900 10 
1800 10 
1100 10 
1200 10 
1100 10 
800 10 
1200 10 
1000 10 
2000 10 
1000 10 
1100 10 
1100 10 
900 10 
1200 10 
1000 10 
900 10 
1700 10 
1100 10 
1100 10 
1000 10 
800 10 
1000 10 
800 10 
2100 10 
900 10 
900 10 
1000 10 
1100 10 
900 10 
1200 10 
1200 10 
1700 10 
1400 10 
1000 10 
1300 10 
1100 10 
900 10 
2500 10 
1000 10 
1200 10 
900 10 
900 10 
800 10 
900 10 
1700 10 
1000 10 
900 10 
1000 10 
1100 10 
1100 10 
1000 10 
2100 10 
1200 10 
1100 10 
1100 10 
900 10 
1100 10 
1300 10 
2100 10 
1000 10 
1000 10 
1200 10 
900 10 
800 10 
1100 10 
4000 10 
1100 10 
1000 10 
900 10 
1000 10 
1000 10 
1000 10 
2000 10 
1200 10 
900 10 
1000 10 
900 10 
1100 10 
1200 10 
4000 10 
1100 10 
1100 10 
1100 10 
1200 10 
800 10 
2100 10 
1000 10 
1100 10 
1100 10 
900 10 
1200 10 
1100 10 
1900 10 
1100 10 
1000 10 
1000 10 
900 10 
1000 10 
900 10 
900 10 
1700 10 
900 10 
1100 10 
1100 10 
1000 10 
1000 10 
1100 10 
2100 10 
1700 10 
1200 10 
1000 10 
1600 10 
1200 10 
1900 10 
1200 10 
1000 10 
1100 10 
1000 10 
800 10 
1100 10 
1900 10 
1200 10 
1000 10 
800 10 
1100 10 
1000 10 
700 10 
2600 10 
1000 10 
1000 10 
1000 10 
1100 10 
1000 10 
1400 10 
2000 10 
1000 10 
1100 10 
1100 10 
900 10 
800 10 
1000 10 
4100 10 
1300 10 
900 10 
1000 10 
1000 10 
900 10 
800 10 
1200 10 
1900 10 
900 10 
1200 10 
900 10 
1300 10 
1100 10 
1200 10 
1900 10 
1100 10 
1000 10 
800 10 
1000 10 
900 10 
900 10 
2200 10 
1100 10 
1000 10 
1000 10 
1100 10 
1100 10 
1100 10 
1800 10 
800 10 
1100 10 
1000 10 
900 10 
1200 10 
1100 10 
1000 10 
1700 10 
1000 10 
1200 10 
1000 10 
1200 10 
1300 10 
900 10 
1800 10 
1100 10 
1100 10 
1000 10 
1000 10 
1200 10 
2000 10 
1100 10 
800 10 
800 10 
1100 10 
1000 10 
1000 10 
1100 10 
1800 10 
1200 10 
1100 10 
1000 10 
1400 10 
1200 10 
2200 10 
1200 10 
1000 10 
1000 10 
900 10 
1000 10 
900 10 
1000 10 
1800 10 
1200 10 
1100 10 
900 10 
1100 10 
1000 10 
1000 10 
2000 10 
1100 10 
1000 10 
1000 10 
1200 10 
1100 10 
900 10 
1900 10 
1000 10 
1100 10 
900 10 
1000 10 
1100 10 
1100 10 
2000 10 
1200 10 
900 10 
1000 10 
800 10 
1300 10 
1900 10 
1100 10 
1000 10 
900 10 
1100 10 
1000 10 
1000 10 
1900 10 
1000 10 
1000 10 
1100 10 
900 10 
1000 10 
1000 10 
1800 10 
1100 10 
2000 10 
1900 10 
1100 10 
1400 10 
2100 10 
1300 10 
1400 10 
1200 10 
1000 10 
900 10 
1100 10 
4400 10 
1200 10 
1100 10 
900 10 
1100 10 
1000 10 
1000 10 
2200 10 
1000 10 
1000 10 
1000 10 
1200 10 
3100 10 
900 10 
2300 10 
1000 10 
1100 10 
1100 10 
1100 10 
800 10 
1100 10 
1000 10 
3800 10 
1100 10 
1400 10 
900 10 
1000 10 
1100 10 
2100 10 
1100 10 
1400 10 
1100 10 
1000 10 
1500 10 
1000 10 
1700 10 
1200 10 
1100 10 
1200 10 
1000 10 
1000 10 
1200 10 
1900 10 
1100 10 
1200 10 
1000 10 
900 10 
900 10 
1000 10 
1900 10 
1100 10 
1100 10 
1000 10 
1200 10 
1200 10 
1300 10 
3500 10 
1100 10 
1200 10 
1400 10 
1100 10 
1200 10 
1000 10 
2500 10 
900 10 
1000 10 
900 10 
900 10 
1000 10 
1100 10 
2300 10 
1000 10 
1100 10 
1100 10 
900 10 
900 10 
4000 10 
2300 10 
800 10 
1200 10 
900 10 
800 10 
900 10 
900 10 
1000 10 
2100 10 
1000 10 
1000 10 
800 10 
800 10 
1000 10 
900 10 
4200 10 
1600 10 
1200 10 
900 10 
1000 10 
1100 10 
900 10 
1000 10 
2000 10 
1500 10 
900 10 
900 10 
900 10 
900 10 
3300 10 
1100 10 
900 10 
900 10 
1100 10 
800 10 
800 10 
800 10 
1800 10 
1200 10 
1100 10 
1000 10 
800 10 
1100 10 
1000 10 
1900 10 
1300 10 
900 10 
1100 10 
1200 10 
1600 10 
1000 10 
1700 10 
1200 10 
1100 10 
1300 10 
1000 10 
1600 10 
2000 10 
1300 10 
1300 10 
1200 10 
1000 10 
1200 10 
1000 10 
2000 10 
900 10 
1000 10 
1100 10 
1100 10 
900 10 
1200 10 
4000 10 
1100 10 
1400 10 
900 10 
1000 10 
1000 10 
1000 10 
2300 10 
1000 10 
1000 10 
1100 10 
1100 10 
1000 10 
1300 10 
2700 10 
1100 10 
1200 10 
1000 10 
900 10 
800 10 
900 10 
4300 10 
1000 10 
1100 10 
1100 10 
1100 10 
1000 10 
1200 10 
2300 10 
1100 10 
900 10 
1000 10 
900 10 
1000 10 
800 10 
2400 10 
1000 10 
1100 10 
1000 10 
1200 10 
900 10 
1000 10 
2300 10 
1000 10 
1200 10 
1100 10 
1000 10 
1500 10 
1300 10 
1000 10 
2600 10 
1400 10 
1100 10 
1300 10 
900 10 
1200 10 
2800 10 
1000 10 
1100 10 
1200 10 
900 10 
1100 10 
1000 10 
2000 10 
800 10 
1000 10 
1300 10 
1000 10 
900 10 
1200 10 
1700 10 
1000 10 
1400 10 
1200 10 
1000 10 
1100 10 
1100 10 
2000 10 
1100 10 
900 10 
1300 10 
1200 10 
1000 10 
900 10 
1900 10 
1200 10 
1200 10 
1100 10 
1100 10 
1200 10 
1100 10 
2000 10 
1000 10 
900 10 
1000 10 
800 10 
1100 10 
900 10 
1900 10 
1100 10 
800 10 
1000 10 
900 10 
800 10 
1100 10 
900 10 
1900 10 
1200 10 
1000 10 
1100 10 
1100 10 
900 10 
900 10 
1800 10 
1100 10 
1100 10 
1000 10 
1100 10 
1500 10 
2100 10 
1300 10 
1000 10 
1000 10 
800 10 
1200 10 
900 10 
1900 10 
1000 10 
900 10 
1100 10 
1100 10 
1000 10 
1300 10 
1900 10 
1000 10 
800 10 
900 10 
900 10 
1000 10 
900 10 
800 10 
1700 10 
1000 10 
1000 10 
1100 10 
900 10 
900 10 
800 10 
900 10 
2400 10 
800 10 
1000 10 
1100 10 
1000 10 
1100 10 
1000 10 
1900 10 
1100 10 
1000 10 
1100 10 
1400 10 
900 10 
1000 10 
2200 10 
1100 10 
1000 10 
1300 10 
1000 10 
1300 10 
900 10 
2000 10 
1000 10 
1200 10 
900 10 
1100 10 
1400 10 
2100 10 
1000 10 
900 10 
1000 10 
900 10 
1000 10 
1000 10 
1000 10 
1900 10 
1200 10 
1000 10 
1200 10 
1200 10 
1400 10 
1100 10 
1800 10 
1100 10 
1000 10 
1000 10 
1000 10 
1100 10 
900 10 
1900 10 
1000 10 
1200 10 
1000 10 
900 10 
1000 10 
1000 10 
2200 10 
1100 10 
900 10 
900 10 
900 10 
900 10 
1100 10 
1200 10 
1800 10 
1100 10 
800 10 
1000 10 
1300 10 
900 10 
1000 10 
2000 10 
1200 10 
1000 10 
1100 10 
900 10 
1200 10 
1100 10 
1900 10 
1100 10 
1700 10 
1300 10 
1000 10 
1300 10 
1900 10 
1100 10 
1100 10 
1200 10 
1100 10 
1000 10 
2200 10 
900 10 
900 10 
1000 10 
1000 10 
1000 10 
1200 10 
1000 10 
1800 10 
900 10 
1000 10 
1100 10 
1300 10 
1700 10 
1000 10 
2000 10 
800 10 
1300 10 
1000 10 
1000 10 
1100 10 
1100 10 
2000 10 
900 10 
1300 10 
1500 10 
1200 10 
2800 10 
1100 10 
1900 10 
1300 10 
1000 10 
1100 10 
1000 10 
1100 10 
800 10 
2800 10 
1600 10 
1100 10 
1500 10 
1000 10 
1900 10 
800 10 
1000 10 
900 10 
1100 10 
1100 10 
1000 10 
1700 10 
1000 10 
1000 10 
1200 10 
1000 10 
1100 10 
1000 10 
1800 10 
1400 10 
1100 10 
1300 10 
1400 10 
1200 10 
1700 10 
900 10 
1000 10 
1100 10 
1000 10 
900 10 
1000 10 
1000 10 
2000 10 
1000 10 
1000 10 
900 10 
1200 10 
1100 10 
1100 10 
1800 10 
1000 10 
1100 10 
1000 10 
1400 10 
1000 10 
1000 10 
2100 10 
1100 10 
1100 10 
1000 10 
1000 10 
1100 10 
1000 10 
2000 10 
1100 10 
1300 10 
1200 10 
1200 10 
1100 10 
1100 10 
2100 10 
1100 10 
1200 10 
1000 10 
1100 10 
1000 10 
1100 10 
2000 10 
1200 10 
800 10 
1000 10 
1000 10 
1000 10 
1000 10 
1700 10 
1200 10 
800 10 
1000 10 
1300 10 
900 10 
900 10 
2400 10 
1100 10 
900 10 
1100 10 
1000 10 
1000 10 
800 10 
900 10 
2200 10 
900 10 
1000 10 
5200 10 
1000 10 
1200 10 
1200 10 
2100 10 
1200 10 
1200 10 
1100 10 
1300 10 
1200 10 
900 10 
2300 10 
1100 10 
1100 10 
1000 10 
1100 10 
1000 10 
1200 10 
1900 10 
900 10 
1200 10 
1000 10 
1100 10 
1000 10 
1200 10 
1000 10 
1900 10 
1300 10 
1000 10 
1000 10 
1000 10 
1100 10 
900 10 
1700 10 
1200 10 
1000 10 
1200 10 
1100 10 
1000 10 
1200 10 
1900 10 
1100 10 
1000 10 
1100 10 
1100 10 
1100 10 
1400 10 
9200 10 
1100 10 
1400 10 
1100 10 
1100 10 
1000 10 
1600 10 
1200 10 
2700 10 
1200 10 
900 10 
1300 10 
1600 10 
3900 10 
2100 10 
1000 10 
1300 10 
1000 10 
1000 10 
1100 10 
1100 10 
1000 10 
2500 10 
1100 10 
1100 10 
1300 10 
1400 10 
1000 10 
1100 10 
2000 10 
1000 10 
1100 10 
1100 10 
1200 10 
1100 10 
1100 10 
1700 10 
1200 10 
1500 10 
1200 10 
1000 10 
1000 10 
2700 10 
1200 10 
1200 10 
900 10 
1100 10 
1200 10 
1000 10 
2200 10 
1000 10 
1300 10 
1000 10 
1200 10 
1200 10 
800 10 
1000 10 
1900 10 
1200 10 
1100 10 
1000 10 
1100 10 
1300 10 
1000 10 
1900 10 
1000 10 
1100 10 
1000 10 
1200 10 
1200 10 
1000 10 
1800 10 
1100 10 
900 10 
1000 10 
1000 10 
1200 10 
1600 10 
2000 10 
1000 10 
1400 10 
1000 10 
1300 10 
1100 10 
1100 10 
2100 10 
900 10 
1000 10 
1200 10 
1100 10 
1000 10 
1400 10 
2000 10 
1200 10 
1000 10 
1000 10 
900 10 
1100 10 
900 10 
1000 10 
2200 10 
1200 10 
1000 10 
1400 10 
1000 10 
900 10 
700 10 
1700 10 
1100 10 
1000 10 
1300 10 
6300 10 
1300 10 
2900 10 
1100 10 
1500 10 
1200 10 
900 10 
900 10 
1000 10 
2100 10 
1000 10 
1000 10 
900 10 
1100 10 
1400 10 
1200 10 
2000 10 
1200 10 
1200 10 
1200 10 
1100 10 
1300 10 
1600 10 
2200 10 
1200 10 
1200 10 
1200 10 
900 10 
900 10 
1000 10 
4500 10 
1900 10 
900 10 
1400 10 
1000 10 
1100 10 
1000 10 
1200 10 
2400 10 
1100 10 
1100 10 
1300 10 
1000 10 
900 10 
2000 10 
1200 10 
1100 10 
1000 10 
1100 10 
1100 10 
1100 10 
900 10 
2000 10 
1000 10 
1400 10 
900 10 
900 10 
1300 10 
1000 10 
2100 10 
1000 10 
1000 10 
1100 10 
1000 10 
900 10 
1100 10 
1800 10 
1000 10 
1000 10 
900 10 
900 10 
900 10 
1300 10 
1200 10 
2200 10 
1000 10 
800 10 
1000 10 
1000 10 
900 10 
1000 10 
1900 10 
1100 10 
1200 10 
1100 10 
900 10 
1200 10 
900 10 
1100 10 
1900 10 
900 10 
900 10 
1000 10 
800 10 
1100 10 
1300 10 
2100 10 
1200 10 
1100 10 
1100 10 
1100 10 
1100 10 
900 10 
2300 10 
1000 10 
800 10 
1000 10 
1200 10 
900 10 
900 10 
2000 10 
800 10 
1000 10 
1000 10 
1000 10 
1100 10 
900 10 
2000 10 
1000 10 
1500 10 
1100 10 
1000 10 
900 10 
800 10 
2700 10 
1400 10 
1300 10 
900 10 
1200 10 
1000 10 
900 10 
1900 10 
1100 10 
1100 10 
1400 10 
1700 10 
1000 10 
2400 10 
1100 10 
1000 10 
1100 10 
1000 10 
1000 10 
1100 10 
900 10 
2200 10 
1300 10 
900 10 
900 10 
1000 10 
1100 10 
1000 10 
2300 10 
1200 10 
1500 10 
1100 10 
1300 10 
1200 10 
1800 10 
1000 10 
900 10 
1200 10 
1000 10 
900 10 
1000 10 
2000 10 
1200 10 
1100 10 
800 10 
1000 10 
1300 10 
1300 10 
2200 10 
1100 10 
1400 10 
1500 10 
1000 10 
1000 10 
1900 10 
1100 10 
1000 10 
1200 10 
1100 10 
1700 10 
2000 10 
1100 10 
1100 10 
800 10 
900 10 
900 10 
1100 10 
4300 10 
1100 10 
1000 10 
1000 10 
1200 10 
1000 10 
1100 10 
900 10 
1700 10 
1200 10 
1200 10 
1000 10 
900 10 
1000 10 
2000 10 
1000 10 
1000 10 
1200 10 
1000 10 
1000 10 
1200 10 
1500 10 
2100 10 
1400 10 
1000 10 
1200 10 
1300 10 
900 10 
900 10 
1800 10 
1200 10 
1000 10 
1300 10 
900 10 
1000 10 
1000 10 
3500 10 
900 10 
1000 10 
1000 10 
1200 10 
1100 10 
1100 10 
2100 10 
1100 10 
900 10 
1200 10 
1100 10 
1100 10 
1300 10 
2200 10 
1100 10 
1100 10 
1200 10 
1100 10 
1000 10 
1400 10 
2000 10 
1000 10 
1000 10 
800 10 
900 10 
1300 10 
900 10 
1900 10 
1000 10 
1100 10 
1500 10 
1000 10 
1100 10 
1000 10 
2000 10 
1100 10 
1100 10 
900 10 
1100 10 
1000 10 
1300 10 
1800 10 
1300 10 
1200 10 
1400 10 
1200 10 
1500 10 
1400 10 
1900 10 
1000 10 
1100 10 
800 10 
1100 10 
900 10 
1300 10 
1900 10 
1100 10 
1100 10 
1100 10 
1200 10 
1000 10 
1100 10 
900 10 
2200 10 
1100 10 
1200 10 
900 10 
1300 10 
1100 10 
1100 10 
1900 10 
1000 10 
1000 10 
1200 10 
1000 10 
1100 10 
1100 10 
2200 10 
1200 10 
1000 10 
1500 10 
1100 10 
900 10 
900 10 
1000 10 
1900 10 
1000 10 
1200 10 
1100 10 
1300 10 
1000 10 
1100 10 
1800 10 
1000 10 
900 10 
1100 10 
1200 10 
900 10 
1100 10 
1900 10 
800 10 
1200 10 
1200 10 
1300 10 
1200 10 
2100 10 
1100 10 
1000 10 
1000 10 
1200 10 
1100 10 
1100 10 
2300 10 
900 10 
1100 10 
5700 10 
1200 10 
1400 10 
1200 10 
2000 10 
900 10 
1100 10 
1100 10 
1000 10 
1000 10 
1100 10 
1100 10 
1900 10 
1300 10 
1000 10 
1500 10 
4800 10 
900 10 
2300 10 
1000 10 
1100 10 
1000 10 
1100 10 
1300 10 
900 10 
2000 10 
1100 10 
1100 10 
1200 10 
1200 10 
900 10 
1000 10 
1800 10 
1300 10 
1100 10 
1300 10 
1000 10 
1000 10 
900 10 
1700 10 
1200 10 
1000 10 
1000 10 
1000 10 
1100 10 
1100 10 
1100 10 
1900 10 
1200 10 
800 10 
900 10 
1100 10 
1000 10 
2500 10 
1200 10 
1000 10 
1100 10 
1300 10 
900 10 
1100 10 
2200 10 
1000 10 
1200 10 
1100 10 
1100 10 
1000 10 
1200 10 
1100 10 
1700 10 
1100 10 
1000 10 
1000 10 
1000 10 
1200 10 
900 10 
1800 10 
1200 10 
1100 10 
1200 10 
1100 10 
1100 10 
1000 10 
1100 10 
3800 10 
1200 10 
900 10 
1100 10 
1200 10 
1300 10 
1900 10 
1000 10 
1100 10 
1100 10 
1100 10 
1000 10 
1000 10 
2000 10 
3300 10 
1900 10 
1100 10 
1400 10 
1200 10 
1100 10 
1200 10 
2000 10 
1100 10 
1100 10 
1200 10 
1200 10 
1200 10 
1000 10 
2200 10 
1300 10 
900 10 
1000 10 
1200 10 
1500 10 
1300 10 
2100 10 
1200 10 
1200 10 
1200 10 
1100 10 
1300 10 
1000 10 
2200 10 
1300 10 
1500 10 
1100 10 
1000 10 
1300 10 
2000 10 
1300 10 
900 10 
1100 10 
900 10 
1000 10 
1400 10 
1900 10 
1200 10 
1000 10 
1000 10 
1100 10 
1200 10 
2700 10 
2100 10 
1100 10 
900 10 
1400 10 
1200 10 
1000 10 
800 10 
1200 10 
2000 10 
1200 10 
1100 10 
1500 10 
1200 10 
1000 10 
1200 10 
1100 10 
2000 10 
1200 10 
900 10 
1200 10 
1000 10 
1000 10 
2700 10 
2500 10 
2000 10 
1300 10 
1900 10 
1700 10 
1000 10 
2300 10 
1400 10 
900 10 
1100 10 
1100 10 
1100 10 
3800 10 
900 10 
1000 10 
1100 10 
1300 10 
1000 10 
1400 10 
1000 10 
1900 10 
1200 10 
900 10 
1200 10 
1100 10 
1000 10 
900 10 
2400 10 
1200 10 
1100 10 
800 10 
900 10 
2400 10 
2300 10 
1800 10 
1100 10 
1200 10 
1100 10 
1000 10 
900 10 
2100 10 
900 10 
1300 10 
1500 10 
1200 10 
1300 10 
900 10 
1100 10 
2000 10 
1100 10 
1100 10 
1100 10 
1000 10 
1200 10 
1000 10 
1000 10 
2300 10 
1100 10 
1000 10 
1000 10 
1200 10 
900 10 
1000 10 
1900 10 
1300 10 
1200 10 
1000 10 
1100 10 
1100 10 
900 10 
900 10 
2700 10 
1100 10 
1000 10 
900 10 
1100 10 
1300 10 
1100 10 
1900 10 
1100 10 
1400 10 
1100 10 
1000 10 
1100 10 
1600 10 
1900 10 
1100 10 
900 10 
4700 10 
1300 10 
1100 10 
1200 10 
2000 10 
900 10 
1000 10 
1400 10 
1300 10 
1100 10 
1200 10 
2000 10 
1100 10 
1000 10 
1000 10 
1100 10 
1100 10 
1400 10 
1100 10 
2100 10 
1000 10 
1300 10 
1100 10 
1200 10 
1200 10 
1100 10 
2600 10 
1400 10 
1000 10 
1300 10 
1200 10 
1300 10 
2100 10 
1100 10 
1000 10 
1400 10 
1000 10 
1100 10 
900 10 
2000 10 
1000 10 
900 10 
1100 10 
1000 10 
1000 10 
3700 10 
2900 10 
1100 10 
1400 10 
1200 10 
1300 10 
1100 10 
1000 10 
2000 10 
1000 10 
1200 10 
1000 10 
900 10 
1200 10 
1100 10 
2500 10 
1200 10 
900 10 
1100 10 
900 10 
1000 10 
1000 10 
1200 10 
2100 10 
1400 10 
1200 10 
1200 10 
900 10 
1000 10 
1100 10 
2200 10 
1200 10 
1200 10 
1100 10 
1000 10 
1100 10 
1000 10 
1900 10 
1300 10 
1200 10 
1200 10 
1200 10 
1000 10 
1100 10 
2000 10 
1000 10 
1500 10 
1100 10 
6500 10 
1100 10 
1100 10 
2000 10 
1100 10 
1200 10 
1200 10 
1100 10 
1000 10 
900 10 
2300 10 
1200 10 
1100 10 
1000 10 
1000 10 
5400 10 
1000 10 
2200 10 
1500 10 
1000 10 
1000 10 
1300 10 
1000 10 
2200 10 
1000 10 
1000 10 
1000 10 
1300 10 
1100 10 
1400 10 
2000 10 
1100 10 
1100 10 
1100 10 
1100 10 
1100 10 
1000 10 
2900 10 
1100 10 
1100 10 
1200 10 
1100 10 
900 10 
1100 10 
2200 10 
1100 10 
1200 10 
1100 10 
900 10 
1100 10 
1100 10 
1000 10 
2200 10 
900 10 
1000 10 
4700 10 
1100 10 
1100 10 
1500 10 
1900 10 
1400 10 
1200 10 
1200 10 
1200 10 
1100 10 
1000 10 
1300 10 
2100 10 
1300 10 
1000 10 
900 10 
1100 10 
4900 10 
1100 10 
2300 10 
1200 10 
1100 10 
900 10 
1000 10 
1000 10 
900 10 
1300 10 
2000 10 
1000 10 
1500 10 
1300 10 
900 10 
1000 10 
1100 10 
2000 10 
1100 10 
1200 10 
1000 10 
900 10 
1200 10 
1200 10 
2000 10 
900 10 
900 10 
1100 10 
1500 10 
1500 10 
1000 10 
2000 10 
900 10 
1000 10 
1000 10 
900 10 
1000 10 
900 10 
800 10 
2200 10 
1200 10 
900 10 
900 10 
1200 10 
1100 10 
2200 10 
1100 10 
1000 10 
1000 10 
1100 10 
1000 10 
1200 10 
2100 10 
1100 10 
1000 10 
1400 10 
1300 10 
1100 10 
1000 10 
2000 10 
1100 10 
1200 10 
1300 10 
1000 10 
1100 10 
1100 10 
2000 10 
900 10 
1100 10 
1000 10 
1000 10 
1000 10 
1100 10 
2400 10 
1200 10 
1000 10 
1400 10 
1000 10 
1200 10 
1200 10 
2100 10 
1100 10 
1100 10 
1000 10 
1200 10 
1100 10 
1100 10 
2100 10 
1400 10 
1000 10 
1000 10 
1200 10 
1000 10 
1000 10 
1100 10 
2200 10 
1200 10 
1300 10 
1000 10 
1100 10 
1000 10 
2000 10 
1200 10 
1200 10 
1000 10 
1000 10 
1200 10 
1200 10 
1200 10 
2100 10 
1200 10 
1000 10 
900 10 
900 10 
1000 10 
900 10 
2100 10 
1100 10 
1100 10 
1100 10 
1000 10 
1000 10 
900 10 
900 10 
2000 10 
1000 10 
1000 10 
1200 10 
1000 10 
1000 10 
1100 10 
2600 10 
1300 10 
1100 10 
1000 10 
1100 10 
1000 10 
900 10 
4200 10 
1000 10 
1200 10 
1000 10 
1300 10 
1200 10 
2600 10 
1100 10 
1100 10 
900 10 
1000 10 
1200 10 
1000 10 
2000 10 
1100 10 
1000 10 
1200 10 
6700 10 
1100 10 
1200 10 
2400 10 
1100 10 
900 10 
900 10 
1000 10 
1200 10 
1100 10 
2000 10 
1200 10 
900 10 
1100 10 
1100 10 
1300 10 
900 10 
2100 10 
1100 10 
1200 10 
1100 10 
1000 10 
1200 10 
1100 10 
2100 10 
1200 10 
1300 10 
900 10 
900 10 
1100 10 
1000 10 
2700 10 
900 10 
1200 10 
5600 10 
1000 10 
1500 10 
1400 10 
2200 10 
1100 10 
1000 10 
1100 10 
1200 10 
1200 10 
1400 10 
1000 10 
2700 10 
1100 10 
1200 10 
1000 10 
1400 10 
900 10 
1100 10 
2100 10 
1000 10 
1200 10 
1100 10 
1300 10 
1500 10 
1400 10 
2200 10 
1300 10 
1100 10 
900 10 
1000 10 
900 10 
1300 10 
2600 10 
1100 10 
1400 10 
1200 10 
1700 10 
1000 10 
2300 10 
1200 10 
900 10 
4200 10 
1200 10 
1000 10 
900 10 
1900 10 
1000 10 
1000 10 
1100 10 
1400 10 
1400 10 
900 10 
2100 10 
1400 10 
1300 10 
900 10 
1000 10 
1100 10 
800 10 
2200 10 
1200 10 
1100 10 
1000 10 
1000 10 
1300 10 
1400 10 
1100 10 
2900 10 
900 10 
1000 10 
800 10 
1400 10 
1100 10 
1900 10 
1100 10 
1100 10 
1000 10 
1000 10 
800 10 
1300 10 
2000 10 
1600 10 
1200 10 
1100 10 
900 10 
900 10 
1300 10 
900 10 
2700 10 
1500 10 
1100 10 
1100 10 
1100 10 
900 10 
1200 10 
2100 10 
1200 10 
900 10 
1000 10 
1100 10 
1000 10 
1000 10 
1100 10 
2900 10 
1100 10 
1000 10 
1000 10 
1100 10 
1000 10 
2000 10 
1400 10 
1100 10 
1000 10 
1000 10 
1300 10 
1100 10 
2300 10 
1200 10 
1300 10 
1400 10 
1300 10 
1000 10 
900 10 
2000 10 
1300 10 
1200 10 
1100 10 
900 10 
900 10 
1100 10 
2000 10 
900 10 
1100 10 
1300 10 
800 10 
1000 10 
1000 10 
2200 10 
1000 10 
1100 10 
1300 10 
1100 10 
1100 10 
1100 10 
1900 10 
1000 10 
1000 10 
1000 10 
1200 10 
1000 10 
1400 10 
2100 10 
1300 10 
900 10 
1000 10 
1000 10 
1100 10 
1100 10 
2200 10 
1200 10 
1200 10 
1000 10 
1200 10 
900 10 
1400 10 
2700 10 
1200 10 
1400 10 
1100 10 
1000 10 
1100 10 
1300 10 
1000 10 
2000 10 
1000 10 
1000 10 
1300 10 
1200 10 
900 10 
1000 10 
2000 10 
1000 10 
1100 10 
1400 10 
800 10 
1100 10 
1200 10 
2700 10 
1300 10 
1300 10 
1100 10 
1100 10 
1400 10 
2000 10 
1100 10 
1000 10 
1100 10 
1100 10 
1300 10 
900 10 
2000 10 
1100 10 
1600 10 
1400 10 
6200 10 
1500 10 
2400 10 
1300 10 
1300 10 
1100 10 
1300 10 
1100 10 
1400 10 
2200 10 
1200 10 
1100 10 
1100 10 
1500 10 
1000 10 
1000 10 
1100 10 
2200 10 
1200 10 
1100 10 
1000 10 
1100 10 
1200 10 
1300 10 
2000 10 
1200 10 
900 10 
1000 10 
1000 10 
1300 10 
1400 10 
1200 10 
2200 10 
1000 10 
1600 10 
1200 10 
1300 10 
1100 10 
1000 10 
2100 10 
1300 10 
1100 10 
1200 10 
1200 10 
1100 10 
1100 10 
1400 10 
2400 10 
1100 10 
1200 10 
2900 10 
1500 10 
1000 10 
2100 10 
1200 10 
1100 10 
1000 10 
1100 10 
1200 10 
1200 10 
2400 10 
1100 10 
1100 10 
1300 10 
1600 10 
1400 10 
1400 10 
2100 10 
1300 10 
1000 10 
900 10 
1100 10 
1200 10 
1100 10 
3700 10 
1400 10 
1600 10 
1700 10 
1600 10 
1200 10 
1300 10 
41200 10 
7600 10 
5900 10 
4500 10 
4600 10 
4700 10 
2600 10 
5800 10 
5100 10 
2500 10 
5400 10 
2800 10 
3700 10 
4000 10 
4600 10 
3200 10 
3300 10 
2000 10 
3000 10 
3600 10 
3000 10 
4600 10 
4200 10 
9000 10 
3300 10 
2800 10 
3400 10 
2800 10 
3600 10 
3300 10 
2200 10 
2400 10 
2100 10 
3800 10 
2000 10 
3100 10 
4700 10 
4700 10 
3600 10 
2000 10 
3100 10 
3600 10 
4600 10 
3200 10 
2800 10 
2800 10 
2100 10 
2000 10 
2500 10 
3600 10 
2900 10 
3100 10 
3600 10 
1800 10 
2500 10 
3100 10 
4100 10 
3600 10 
2600 10 
2500 10 
2300 10 
3000 10 
2800 10 
4300 10 
3200 10 
2700 10 
3000 10 
2300 10 
2500 10 
3400 10 
4300 10 
2100 10 
2600 10 
2500 10 
2500 10 
3200 10 
2300 10 
6900 10 
1900 10 
2000 10 
2300 10 
3000 10 
2400 10 
2600 10 
3300 10 
2100 10 
2900 10 
1800 10 
2700 10 
1700 10 
2400 10 
3600 10 
2300 10 
2200 10 
1900 10 
2200 10 
2300 10 
2400 10 
4100 10 
2900 10 
7900 10 
2500 10 
2400 10 
2100 10 
3900 10 
2500 10 
5400 10 
2500 10 
2200 10 
2000 10 
6900 10 
3000 10 
2300 10 
2700 10 
2100 10 
2900 10 
2100 10 
2100 10 
4500 10 
2800 10 
3400 10 
2100 10 
2100 10 
2000 10 
2400 10 
4600 10 
2400 10 
2600 10 
1900 10 
2200 10 
2600 10 
2000 10 
3800 10 
2400 10 
2100 10 
2200 10 
2100 10 
2300 10 
2100 10 
4600 10 
2300 10 
2900 10 
2100 10 
3300 10 
2900 10 
2400 10 
3600 10 
2300 10 
2400 10 
2400 10 
1900 10 
2200 10 
2000 10 
3300 10 
2200 10 
1900 10 
2400 10 
2500 10 
1800 10 
2900 10 
1900 10 
3200 10 
2500 10 
2400 10 
2700 10 
2200 10 
4200 10 
3700 10 
2300 10 
2600 10 
1900 10 
2900 10 
2300 10 
2400 10 
3900 10 
4600 10 
2500 10 
3000 10 
2100 10 
2700 10 
2000 10 
1900 10 
4000 10 
2400 10 
2300 10 
2400 10 
2700 10 
3900 10 
2000 10 
3500 10 
2600 10 
2200 10 
2800 10 
2100 10 
1900 10 
3600 10 
2100 10 
4000 10 
2500 10 
2700 10 
2600 10 
2400 10 
2400 10 
2800 10 
1900 10 
2600 10 
2600 10 
2100 10 
2100 10 
3000 10 
5400 10 
3200 10 
2200 10 
3600 10 
2700 10 
2200 10 
2700 10 
3100 10 
3800 10 
2400 10 
2400 10 
3200 10 
2400 10 
2800 10 
3000 10 
3700 10 
2300 10 
3100 10 
3000 10 
2500 10 
2400 10 
2200 10 
3800 10 
2200 10 
2600 10 
1900 10 
2600 10 
1900 10 
2900 10 
3900 10 
2500 10 
3100 10 
2700 10 
2900 10 
2200 10 
2300 10 
3600 10 
2000 10 
1900 10 
2700 10 
2400 10 
3100 10 
2100 10 
4200 10 
2700 10 
2400 10 
2300 10 
2300 10 
2600 10 
3000 10 
2000 10 
2300 10 
2300 10 
2900 10 
2300 10 
1800 10 
2000 10 
3600 10 
1900 10 
2200 10 
2700 10 
2000 10 
1700 10 
2400 10 
2300 10 
4200 10 
2200 10 
1800 10 
2500 10 
2200 10 
2800 10 
3000 10 
3200 10 
2600 10 
3200 10 
2500 10 
2500 10 
2400 10 
2900 10 
2500 10 
2200 10 
2500 10 
2800 10 
2200 10 
2500 10 
3400 10 
2700 10 
2700 10 
1900 10 
1900 10 
2200 10 
2200 10 
2800 10 
2100 10 
1800 10 
2400 10 
2100 10 
2500 10 
1800 10 
7300 10 
3300 10 
3700 10 
2100 10 
1900 10 
2600 10 
3900 10 
2100 10 
2400 10 
2100 10 
2700 10 
2400 10 
2200 10 
2200 10 
4000 10 
2400 10 
2400 10 
2400 10 
2200 10 
1700 10 
3800 10 
3400 10 
2400 10 
1900 10 
2600 10 
2100 10 
2400 10 
4100 10 
2400 10 
2300 10 
2100 10 
2500 10 
2700 10 
2400 10 
3600 10 
2600 10 
2000 10 
2100 10 
2700 10 
2300 10 
1900 10 
2400 10 
3700 10 
2800 10 
1900 10 
2800 10 
2400 10 
1800 10 
3400 10 
2000 10 
3300 10 
2400 10 
2700 10 
2300 10 
1800 10 
3300 10 
2300 10 
2300 10 
2700 10 
2100 10 
2500 10 
2100 10 
3900 10 
2200 10 
2000 10 
2200 10 
2000 10 
2200 10 
1800 10 
1900 10 
3500 10 
2300 10 
2700 10 
2300 10 
3000 10 
2100 10 
1900 10 
3900 10 
2800 10 
1800 10 
2100 10 
2200 10 
2600 10 
2600 10 
3200 10 
2200 10 
1900 10 
2500 10 
2100 10 
2400 10 
2600 10 
3700 10 
2100 10 
2700 10 
3100 10 
2300 10 
1800 10 
3000 10 
2800 10 
2500 10 
2200 10 
2800 10 
2500 10 
2400 10 
3200 10 
3200 10 
2700 10 
2300 10 
2400 10 
2000 10 
2200 10 
2600 10 
3900 10 
2300 10 
2700 10 
2600 10 
2300 10 
2400 10 
2700 10 
3000 10 
2600 10 
2500 10 
2800 10 
2300 10 
2300 10 
1800 10 
4400 10 
2400 10 
2700 10 
2500 10 
2500 10 
2700 10 
2400 10 
1800 10 
4000 10 
2600 10 
3600 10 
3300 10 
2000 10 
2500 10 
3100 10 
4500 10 
2600 10 
2200 10 
2200 10 
2900 10 
2400 10 
2200 10 
3300 10 
5100 10 
2500 10 
2200 10 
2800 10 
2500 10 
3300 10 
2200 10 
4800 10 
2800 10 
1700 10 
2600 10 
2200 10 
1600 10 
3100 10 
3600 10 
2200 10 
1800 10 
2800 10 
2100 10 
3100 10 
2300 10 
2700 10 
5300 10 
1900 10 
2500 10 
2600 10 
4100 10 
2700 10 
3100 10 
5300 10 
2700 10 
2400 10 
1800 10 
2100 10 
1900 10 
5600 10 
2300 10 
3400 10 
2300 10 
2200 10 
1800 10 
3600 10 
3900 10 
2500 10 
2800 10 
2500 10 
2400 10 
3100 10 
3600 10 
2400 10 
2300 10 
3000 10 
2700 10 
3500 10 
2000 10 
4500 10 
2400 10 
2000 10 
1700 10 
2100 10 
3100 10 
3000 10 
1600 10 
4200 10 
3200 10 
1800 10 
3600 10 
3000 10 
2100 10 
2400 10 
4500 10 
2300 10 
2200 10 
2200 10 
2400 10 
3400 10 
2900 10 
5100 10 
2700 10 
2200 10 
2500 10 
2000 10 
2100 10 
2500 10 
2400 10 
4200 10 
2000 10 
2700 10 
2100 10 
3200 10 
2100 10 
2300 10 
4200 10 
2000 10 
2600 10 
2800 10 
2800 10 
2700 10 
3200 10 
2800 10 
2800 10 
2700 10 
2200 10 
2400 10 
7300 10 
3100 10 
3700 10 
3300 10 
2800 10 
1800 10 
2500 10 
2900 10 
2300 10 
4500 10 
2900 10 
2900 10 
2700 10 
2500 10 
3000 10 
2300 10 
3500 10 
2200 10 
2300 10 
2800 10 
2500 10 
2400 10 
2100 10 
3900 10 
1800 10 
2900 10 
2400 10 
2500 10 
2200 10 
2300 10 
3400 10 
2800 10 
3600 10 
2300 10 
1900 10 
2600 10 
2800 10 
3800 10 
2600 10 
2500 10 
2400 10 
2600 10 
2700 10 
4700 10 
2900 10 
2400 10 
1900 10 
2400 10 
2600 10 
2800 10 
1800 10 
3100 10 
3000 10 
2800 10 
2600 10 
2900 10 
2600 10 
3900 10 
2300 10 
2300 10 
2200 10 
2700 10 
2500 10 
2400 10 
3600 10 
2600 10 
2600 10 
2200 10 
2600 10 
2500 10 
2300 10 
3900 10 
2800 10 
2200 10 
2000 10 
3700 10 
2700 10 
2100 10 
3500 10 
2500 10 
2400 10 
2000 10 
2900 10 
2500 10 
2400 10 
1900 10 
4200 10 
2500 10 
2500 10 
2500 10 
2800 10 
2500 10 
3000 10 
1900 10 
2300 10 
2500 10 
2500 10 
2100 10 
2400 10 
2200 10 
3800 10 
1900 10 
2600 10 
2300 10 
2400 10 
1900 10 
5500 10 
4400 10 
2000 10 
2800 10 
2500 10 
2600 10 
2100 10 
2400 10 
2600 10 
4200 10 
2900 10 
2700 10 
2700 10 
2400 10 
2100 10 
2000 10 
3400 10 
2600 10 
2600 10 
2600 10 
2500 10 
2600 10 
3000 10 
3500 10 
2500 10 
2800 10 
2400 10 
1800 10 
1900 10 
2100 10 
2900 10 
3700 10 
2500 10 
2100 10 
3200 10 
2000 10 
3300 10 
3800 10 
2500 10 
2700 10 
2300 10 
2400 10 
2100 10 
2900 10 
1800 10 
3700 10 
2000 10 
2500 10 
2300 10 
2300 10 
2700 10 
2100 10 
3500 10 
3000 10 
2600 10 
2100 10 
3000 10 
2300 10 
2500 10 
3700 10 
2600 10 
2200 10 
2600 10 
2300 10 
1800 10 
2700 10 
3100 10 
2300 10 
2300 10 
2000 10 
3400 10 
2300 10 
2800 10 
3100 10 
2700 10 
2400 10 
2200 10 
1900 10 
1900 10 
2400 10 
3200 10 
1800 10 
2100 10 
2400 10 
2600 10 
2700 10 
2200 10 
2400 10 
3200 10 
2000 10 
2300 10 
2000 10 
2300 10 
2600 10 
2300 10 
3500 10 
2400 10 
2500 10 
2400 10 
2000 10 
2800 10 
2200 10 
4100 10 
2100 10 
2700 10 
2600 10 
2200 10 
2000 10 
1600 10 
3000 10 
2200 10 
2900 10 
2000 10 
2000 10 
2700 10 
2600 10 
1900 10 
4100 10 
3700 10 
2300 10 
2300 10 
2600 10 
3100 10 
4200 10 
3400 10 
2600 10 
2500 10 
1500 10 
1700 10 
2400 10 
2000 10 
3100 10 
2400 10 
3000 10 
1900 10 
2500 10 
2900 10 
6600 10 
3600 10 
1800 10 
2700 10 
2100 10 
2200 10 
2000 10 
2400 10 
3300 10 
2500 10 
2600 10 
1700 10 
2600 10 
2200 10 
2300 10 
2400 10 
3600 10 
2300 10 
2300 10 
2200 10 
2300 10 
2300 10 
2200 10 
3100 10 
2100 10 
2300 10 
1700 10 
2600 10 
2300 10 
2600 10 
3000 10 
2600 10 
2100 10 
2400 10 
3300 10 
2000 10 
2700 10 
4500 10 
1800 10 
2900 10 
2100 10 
2300 10 
2500 10 
1500 10 
2100 10 
3700 10 
2600 10 
2000 10 
2700 10 
2400 10 
3100 10 
2200 10 
2400 10 
3500 10 
1800 10 
2300 10 
1900 10 
2900 10 
1900 10 
1700 10 
3300 10 
1700 10 
1800 10 
2200 10 
1900 10 
2200 10 
2500 10 
4500 10 
1700 10 
2600 10 
2400 10 
1900 10 
2100 10 
2000 10 
3300 10 
2600 10 
2600 10 
2300 10 
2100 10 
3100 10 
3000 10 
3500 10 
2200 10 
2400 10 
2700 10 
2400 10 
3500 10 
2400 10 
4300 10 
1900 10 
2600 10 
1900 10 
3200 10 
2100 10 
2300 10 
8400 10 
2400 10 
1800 10 
1900 10 
2400 10 
2900 10 
3200 10 
1900 10 
2000 10 
2700 10 
2400 10 
2500 10 
2300 10 
3900 10 
2100 10 
2400 10 
2500 10 
2400 10 
2000 10 
2600 10 
2200 10 
3300 10 
2700 10 
2800 10 
2300 10 
2600 10 
2700 10 
3800 10 
2300 10 
2900 10 
2800 10 
2200 10 
1800 10 
2000 10 
2400 10 
3800 10 
2600 10 
1800 10 
2800 10 
2900 10 
1900 10 
2300 10 
3300 10 
2700 10 
3200 10 
2000 10 
2800 10 
2300 10 
2100 10 
3700 10 
2600 10 
2500 10 
2500 10 
2400 10 
2300 10 
2400 10 
3100 10 
2300 10 
2400 10 
2500 10 
2300 10 
2000 10 
2100 10 
2900 10 
2300 10 
1900 10 
2400 10 
2300 10 
2000 10 
2600 10 
4200 10 
2100 10 
2500 10 
2200 10 
2700 10 
2400 10 
2300 10 
2400 10 
3000 10 
3200 10 
1900 10 
2600 10 
2600 10 
2200 10 
2100 10 
3300 10 
2000 10 
2200 10 
2200 10 
2200 10 
2000 10 
1700 10 
3300 10 
2400 10 
2400 10 
1900 10 
1700 10 
2700 10 
2400 10 
3500 10 
2500 10 
2000 10 
2000 10 
1900 10 
2800 10 
2200 10 
3500 10 
3100 10 
2700 10 
2900 10 
1800 10 
2900 10 
2500 10 
3700 10 
2400 10 
1900 10 
2000 10 
2100 10 
2600 10 
2400 10 
2100 10 
3600 10 
2300 10 
2300 10 
2200 10 
2100 10 
2300 10 
2600 10 
3200 10 
1900 10 
2400 10 
2700 10 
2500 10 
2000 10 
2200 10 
3500 10 
2100 10 
2600 10 
2300 10 
2500 10 
1800 10 
2500 10 
4500 10 
2400 10 
1400 10 
4300 10 
2300 10 
3800 10 
2500 10 
6400 10 
2100 10 
2200 10 
2500 10 
2500 10 
2800 10 
2900 10 
3500 10 
2500 10 
2600 10 
2600 10 
2700 10 
2200 10 
2800 10 
3000 10 
2300 10 
2800 10 
2400 10 
2000 10 
2000 10 
2000 10 
4100 10 
1800 10 
2800 10 
2200 10 
2600 10 
2600 10 
2500 10 
3800 10 
2800 10 
2400 10 
2500 10 
2700 10 
2600 10 
1700 10 
3200 10 
1900 10 
2400 10 
2600 10 
2000 10 
1800 10 
2100 10 
3900 10 
1800 10 
2000 10 
2400 10 
2000 10 
2400 10 
1600 10 
4000 10 
1900 10 
1600 10 
2500 10 
3800 10 
2100 10 
1900 10 
4300 10 
2700 10 
2100 10 
2200 10 
2700 10 
2400 10 
2400 10 
4200 10 
2400 10 
2600 10 
2600 10 
2500 10 
2800 10 
2200 10 
3700 10 
3000 10 
2900 10 
2900 10 
3000 10 
2800 10 
2300 10 
4200 10 
2800 10 
2500 10 
2400 10 
1800 10 
3100 10 
3300 10 
3700 10 
2600 10 
2900 10 
2600 10 
2600 10 
2100 10 
2900 10 
3500 10 
2700 10 
2200 10 
2200 10 
2600 10 
2000 10 
2100 10 
4100 10 
2700 10 
3200 10 
2700 10 
1900 10 
2400 10 
2500 10 
3300 10 
2300 10 
2200 10 
1700 10 
2300 10 
1900 10 
2000 10 
2500 10 
3400 10 
2900 10 
2300 10 
1900 10 
2700 10 
3100 10 
3500 10 
2500 10 
4100 10 
2600 10 
2500 10 
2600 10 
2300 10 
3800 10 
2800 10 
2500 10 
2600 10 
2200 10 
2300 10 
2300 10 
3300 10 
3100 10 
3100 10 
2700 10 
2900 10 
2300 10 
3700 10 
2400 10 
2100 10 
7100 10 
1800 10 
2600 10 
2200 10 
4300 10 
6300 10 
2100 10 
2100 10 
2600 10 
2300 10 
1900 10 
3600 10 
2300 10 
2000 10 
3900 10 
2800 10 
2200 10 
2000 10 
3000 10 
2100 10 
2700 10 
2200 10 
1900 10 
2200 10 
2000 10 
2800 10 
3300 10 
2600 10 
2600 10 
2800 10 
2300 10 
2100 10 
2000 10 
3900 10 
2600 10 
2600 10 
2100 10 
2200 10 
2300 10 
3100 10 
2100 10 
2100 10 
2200 10 
2400 10 
2500 10 
2400 10 
2200 10 
3600 10 
3000 10 
2000 10 
2500 10 
2300 10 
2600 10 
2700 10 
3400 10 
2000 10 
2700 10 
2000 10 
3200 10 
2200 10 
2700 10 
3500 10 
2000 10 
2200 10 
2600 10 
2400 10 
3100 10 
2900 10 
2200 10 
2300 10 
2300 10 
2100 10 
2600 10 
2700 10 
3100 10 
2600 10 
2700 10 
2200 10 
2000 10 
2200 10 
1900 10 
2400 10 
3300 10 
2300 10 
2100 10 
2300 10 
2300 10 
2300 10 
2100 10 
2600 10 
2100 10 
2500 10 
2000 10 
3000 10 
2700 10 
2100 10 
3400 10 
2900 10 
1800 10 
1800 10 
2600 10 
2100 10 
2000 10 
3500 10 
2400 10 
2300 10 
2300 10 
2500 10 
1900 10 
2600 10 
2200 10 
4100 10 
2400 10 
2300 10 
1900 10 
2200 10 
2100 10 
2700 10 
3700 10 
2600 10 
2300 10 
2300 10 
2400 10 
2000 10 
2000 10 
3500 10 
2500 10 
2100 10 
2300 10 
2100 10 
3300 10 
1900 10 
3300 10 
2400 10 
3000 10 
2200 10 
2000 10 
2300 10 
12300 10 
3100 10 
2300 10 
3600 10 
2700 10 
2100 10 
3700 10 
2500 10 
2200 10 
3100 10 
1800 10 
1800 10 
3400 10 
2100 10 
2300 10 
3200 10 
2400 10 
2800 10 
2100 10 
3500 10 
1900 10 
2500 10 
2800 10 
2400 10 
2000 10 
3700 10 
2800 10 
2100 10 
2500 10 
2500 10 
2700 10 
2500 10 
2600 10 
3200 10 
1900 10 
2500 10 
2000 10 
2500 10 
1900 10 
2300 10 
4600 10 
2200 10 
2400 10 
2600 10 
2600 10 
2500 10 
2700 10 
4000 10 
2000 10 
3000 10 
2400 10 
2300 10 
3500 10 
3700 10 
2200 10 
2600 10 
2600 10 
2100 10 
2300 10 
2200 10 
3100 10 
2600 10 
2400 10 
2200 10 
2100 10 
2500 10 
2400 10 
3300 10 
2100 10 
2100 10 
2200 10 
2400 10 
1900 10 
2300 10 
2300 10 
3800 10 
2000 10 
1700 10 
2300 10 
2800 10 
2700 10 
3600 10 
2100 10 
4500 10 
2700 10 
2000 10 
1900 10 
2000 10 
3700 10 
2600 10 
2200 10 
2800 10 
2500 10 
2200 10 
2500 10 
4000 10 
2100 10 
2600 10 
2400 10 
2600 10 
2200 10 
3600 10 
2400 10 
2300 10 
2000 10 
2400 10 
2500 10 
2200 10 
1700 10 
3300 10 
2000 10 
2600 10 
2400 10 
2700 10 
2200 10 
2000 10 
2900 10 
2500 10 
2200 10 
2100 10 
3100 10 
2100 10 
1800 10 
3700 10 
3500 10 
2100 10 
2200 10 
2800 10 
3100 10 
2200 10 
3700 10 
2700 10 
2200 10 
2100 10 
2500 10 
2000 10 
2000 10 
3300 10 
3100 10 
2300 10 
2900 10 
2100 10 
2200 10 
2200 10 
3100 10 
1900 10 
2100 10 
2700 10 
2700 10 
2500 10 
2200 10 
3100 10 
2200 10 
2400 10 
2500 10 
2300 10 
2100 10 
2000 10 
3200 10 
2300 10 
2100 10 
2200 10 
2200 10 
2100 10 
2400 10 
2300 10 
3700 10 
3400 10 
2100 10 
2100 10 
2500 10 
2100 10 
2300 10 
3600 10 
2100 10 
2400 10 
2600 10 
2500 10 
2300 10 
2400 10 
3300 10 
2400 10 
2200 10 
2700 10 
2400 10 
1900 10 
2100 10 
2900 10 
2500 10 
3000 10 
2400 10 
2100 10 
2100 10 
2500 10 
3300 10 
2600 10 
2200 10 
2400 10 
2300 10 
2400 10 
2000 10 
3200 10 
2600 10 
2200 10 
2200 10 
2200 10 
2200 10 
2100 10 
3600 10 
2300 10 
2500 10 
2200 10 
2300 10 
1900 10 
2100 10 
2000 10 
4200 10 
2700 10 
2300 10 
3400 10 
2200 10 
2100 10 
3700 10 
2400 10 
2700 10 
2100 10 
2700 10 
2300 10 
2500 10 
3500 10 
2700 10 
2900 10 
2400 10 
2300 10 
1800 10 
2600 10 
3500 10 
2000 10 
2300 10 
2800 10 
2500 10 
1900 10 
3500 10 
2200 10 
2300 10 
2400 10 
2300 10 
2600 10 
2100 10 
3200 10 
2000 10 
2900 10 
2300 10 
2500 10 
2200 10 
1800 10 
3800 10 
2200 10 
2000 10 
2200 10 
2400 10 
2200 10 
2300 10 
3900 10 
2800 10 
2200 10 
2000 10 
2500 10 
2100 10 
2100 10 
1900 10 
3800 10 
2100 10 
1900 10 
2600 10 
2700 10 
2900 10 
2200 10 
3300 10 
2000 10 
2000 10 
2100 10 
2500 10 
2400 10 
3200 10 
4000 10 
2100 10 
2200 10 
2200 10 
2200 10 
2800 10 
2000 10 
2200 10 
3300 10 
2600 10 
2600 10 
2000 10 
2000 10 
1800 10 
2100 10 
3100 10 
3300 10 
2400 10 
2500 10 
5000 10 
2200 10 
1900 10 
4200 10 
2700 10 
2200 10 
2400 10 
2100 10 
2400 10 
2100 10 
3500 10 
3500 10 
2400 10 
2400 10 
2600 10 
2300 10 
2400 10 
3200 10 
2400 10 
2500 10 
2300 10 
2100 10 
2300 10 
2100 10 
2100 10 
3100 10 
2300 10 
2200 10 
3000 10 
2800 10 
2700 10 
3600 10 
2100 10 
2500 10 
2000 10 
1900 10 
2700 10 
2600 10 
2800 10 
3600 10 
2400 10 
2500 10 
2600 10 
2400 10 
2200 10 
2200 10 
3700 10 
2000 10 
2500 10 
2600 10 
2300 10 
2100 10 
3700 10 
2200 10 
2300 10 
2400 10 
2100 10 
2700 10 
3900 10 
2600 10 
2700 10 
2200 10 
2000 10 
2400 10 
2500 10 
2600 10 
3500 10 
2000 10 
2100 10 
2400 10 
1900 10 
2400 10 
2700 10 
3900 10 
2200 10 
2600 10 
1800 10 
2000 10 
2200 10 
2000 10 
2500 10 
3800 10 
2300 10 
2000 10 
2300 10 
2400 10 
2500 10 
4200 10 
2000 10 
3100 10 
2500 10 
2000 10 
2800 10 
2600 10 
3600 10 
3400 10 
2100 10 
2300 10 
1800 10 
2100 10 
2700 10 
3300 10 
2000 10 
2100 10 
2100 10 
2000 10 
2900 10 
2500 10 
1800 10 
3400 10 
2500 10 
2200 10 
3000 10 
2200 10 
2200 10 
2300 10 
3300 10 
1600 10 
2200 10 
2500 10 
2300 10 
1800 10 
4300 10 
2300 10 
2400 10 
2500 10 
2400 10 
2300 10 
2500 10 
2200 10 
3400 10 
3100 10 
2300 10 
2600 10 
2400 10 
1900 10 
2300 10 
3400 10 
2100 10 
2300 10 
2300 10 
2300 10 
1800 10 
1900 10 
2100 10 
3500 10 
3000 10 
2100 10 
2200 10 
1900 10 
1800 10 
2200 10 
3500 10 
1800 10 
2300 10 
2300 10 
2100 10 
2300 10 
2400 10 
2100 10 
3400 10 
1900 10 
2900 10 
2500 10 
1900 10 
4300 10 
2300 10 
3300 10 
2200 10 
2300 10 
2400 10 
2400 10 
2300 10 
2100 10 
3300 10 
2300 10 
2600 10 
1900 10 
2300 10 
2300 10 
1900 10 
2100 10 
3700 10 
2100 10 
2400 10 
2200 10 
1900 10 
2300 10 
2700 10 
3600 10 
2300 10 
2600 10 
2600 10 
2000 10 
2300 10 
2000 10 
2200 10 
3800 10 
2400 10 
2300 10 
2600 10 
1800 10 
2200 10 
2900 10 
3600 10 
1700 10 
2000 10 
2400 10 
2400 10 
2300 10 
2400 10 
1900 10 
4000 10 
2200 10 
2100 10 
2200 10 
2200 10 
2100 10 
2100 10 
3400 10 
2200 10 
2000 10 
2400 10 
2500 10 
2100 10 
2200 10 
2700 10 
4100 10 
2100 10 
2300 10 
2500 10 
2000 10 
2700 10 
4500 10 
2900 10 
2100 10 
2400 10 
2300 10 
2000 10 
2100 10 
2700 10 
3700 10 
2800 10 
1900 10 
2200 10 
1900 10 
2700 10 
2000 10 
4100 10 
1800 10 
2000 10 
2400 10 
1900 10 
2600 10 
3400 10 
2100 10 
2300 10 
2600 10 
2500 10 
2600 10 
2400 10 
3000 10 
2200 10 
2300 10 
1600 10 
2000 10 
2300 10 
2000 10 
3200 10 
2100 10 
1800 10 
2200 10 
2100 10 
2100 10 
2400 10 
3800 10 
2300 10 
1800 10 
2500 10 
1900 10 
2300 10 
2400 10 
3400 10 
1800 10 
2400 10 
1900 10 
2100 10 
2400 10 
2100 10 
2200 10 
3800 10 
2700 10 
1900 10 
2100 10 
2100 10 
2200 10 
4100 10 
2000 10 
2000 10 
2500 10 
1900 10 
2000 10 
2500 10 
2300 10 
3600 10 
2200 10 
2500 10 
2500 10 
2000 10 
2300 10 
2100 10 
3300 10 
1900 10 
2200 10 
2300 10 
2400 10 
2200 10 
2100 10 
3200 10 
1700 10 
2200 10 
2300 10 
2300 10 
2500 10 
2300 10 
4200 10 
2200 10 
2100 10 
1900 10 
1800 10 
2400 10 
2300 10 
2400 10 
3800 10 
2400 10 
2900 10 
2100 10 
2100 10 
2400 10 
2400 10 
3500 10 
2700 10 
2500 10 
2100 10 
2000 10 
2300 10 
2400 10 
2200 10 
3600 10 
2300 10 
2200 10 
2200 10 
1900 10 
3200 10 
1600 10 
4200 10 
2400 10 
2100 10 
2200 10 
1800 10 
2600 10 
2000 10 
3600 10 
2900 10 
2200 10 
2800 10 
2000 10 
2400 10 
3800 10 
2700 10 
1900 10 
2400 10 
2400 10 
1900 10 
2400 10 
3100 10 
1900 10 
2100 10 
2600 10 
2400 10 
2100 10 
1700 10 
3900 10 
2500 10 
2300 10 
2100 10 
2900 10 
2000 10 
2400 10 
3600 10 
2200 10 
2200 10 
2100 10 
1900 10 
2500 10 
3300 10 
2300 10 
3500 10 
2100 10 
2500 10 
2300 10 
2400 10 
2300 10 
2000 10 
3700 10 
2200 10 
2300 10 
2000 10 
2100 10 
2000 10 
2000 10 
3700 10 
2800 10 
2200 10 
1900 10 
1900 10 
2500 10 
2000 10 
1900 10 
3600 10 
2200 10 
1900 10 
2400 10 
2600 10 
1900 10 
1800 10 
3300 10 
2500 10 
2800 10 
2200 10 
2400 10 
2100 10 
2400 10 
2700 10 
4200 10 
2200 10 
2200 10 
2400 10 
2800 10 
2200 10 
2200 10 
3900 10 
2500 10 
2100 10 
2300 10 
2200 10 
2300 10 
2100 10 
3600 10 
2900 10 
2200 10 
2100 10 
2600 10 
2200 10 
3400 10 
2000 10 
3000 10 
2400 10 
2700 10 
2200 10 
2300 10 
3600 10 
3100 10 
2400 10 
2700 10 
2400 10 
1800 10 
2100 10 
3400 10 
2200 10 
2000 10 
2700 10 
2300 10 
2200 10 
2800 10 
4200 10 
2400 10 
2400 10 
2100 10 
1900 10 
2200 10 
2100 10 
3400 10 
2200 10 
2100 10 
1900 10 
2100 10 
2700 10 
2500 10 
3900 10 
2300 10 
3400 10 
2000 10 
2400 10 
2500 10 
1600 10 
6000 10 
2800 10 
2500 10 
2200 10 
2000 10 
2200 10 
2400 10 
3800 10 
2200 10 
2500 10 
2400 10 
2600 10 
2000 10 
3900 10 
2000 10 
2000 10 
2300 10 
2200 10 
1900 10 
2000 10 
2200 10 
2900 10 
2300 10 
3400 10 
3000 10 
1900 10 
2300 10 
2700 10 
3800 10 
2400 10 
2500 10 
1800 10 
1900 10 
2300 10 
3700 10 
2600 10 
2300 10 
2800 10 
2100 10 
2400 10 
2300 10 
4100 10 
1900 10 
2200 10 
3100 10 
2200 10 
2600 10 
2500 10 
3200 10 
2100 10 
2200 10 
2900 10 
2100 10 
2500 10 
2100 10 
3300 10 
1800 10 
2700 10 
1700 10 
2000 10 
1800 10 
4600 10 
3600 10 
2300 10 
2000 10 
2800 10 
2600 10 
2600 10 
2400 10 
2400 10 
3600 10 
2400 10 
2400 10 
2300 10 
2200 10 
2800 10 
2200 10 
3500 10 
2500 10 
2500 10 
2400 10 
2400 10 
2100 10 
2400 10 
3500 10 
1700 10 
2200 10 
2400 10 
2800 10 
2200 10 
2900 10 
3400 10 
2700 10 
2400 10 
2000 10 
2100 10 
1800 10 
2600 10 
3400 10 
2400 10 
1900 10 
2400 10 
2500 10 
2800 10 
1900 10 
2400 10 
3500 10 
2600 10 
2500 10 
2600 10 
2000 10 
1900 10 
2300 10 
3500 10 
2400 10 
1900 10 
2300 10 
1900 10 
2300 10 
1900 10 
3400 10 
2600 10 
2100 10 
2100 10 
1900 10 
2700 10 
2400 10 
3300 10 
2000 10 
2000 10 
2200 10 
2500 10 
2500 10 
2500 10 
2000 10 
3300 10 
1700 10 
1700 10 
2200 10 
2100 10 
2200 10 
2700 10 
3800 10 
3000 10 
2600 10 
2100 10 
1900 10 
3100 10 
4000 10 
2100 10 
2300 10 
2300 10 
2400 10 
2200 10 
2400 10 
3200 10 
2400 10 
2600 10 
2400 10 
2300 10 
2500 10 
2400 10 
3800 10 
2100 10 
2200 10 
2400 10 
2500 10 
2300 10 
2100 10 
2600 10 
4000 10 
2400 10 
2300 10 
2700 10 
2600 10 
2400 10 
2300 10 
3700 10 
2200 10 
2700 10 
2600 10 
2300 10 
2500 10 
3900 10 
2800 10 
2200 10 
3100 10 
76000 10 
26500 10 
7700 10 
8200 10 
22800 10 
20500 10 
3800 10 
9800 10 
29800 10 
3300 10 
2500 10 
4200 10 
12900 10 
3000 10 
2500 10 
2800 10 
2600 10 
2300 10 
3300 10 
3100 10 
2300 10 
2500 10 
2800 10 
43000 10 
13600 10 
4200 10 
3200 10 
2900 10 
2300 10 
2900 10 
2800 10 
2700 10 
4600 10 
15900 10 
2400 10 
3200 10 
2700 10 
2400 10 
3400 10 
4300 10 
2800 10 
1900 10 
2200 10 
2400 10 
2500 10 
16000 10 
2200 10 
2700 10 
2100 10 
2700 10 
2700 10 
2700 10 
4200 10 
2400 10 
2500 10 
2500 10 
2500 10 
2000 10 
2300 10 
2100 10 
3500 10 
2300 10 
4000 10 
2500 10 
2400 10 
2500 10 
3700 10 
2400 10 
2400 10 
2200 10 
2200 10 
2100 10 
2600 10 
3900 10 
2900 10 
2300 10 
2400 10 
1700 10 
2500 10 
2200 10 
3800 10 
2200 10 
2300 10 
2500 10 
3000 10 
2300 10 
2100 10 
3500 10 
2200 10 
2800 10 
10200 10 
3000 11 
3000 11 
3600 11 
2800 11 
2800 11 
2400 11 
2300 11 
2700 11 
3400 11 
2900 11 
2200 11 
2600 11 
1700 11 
2500 11 
2000 11 
4100 11 
2700 11 
2700 11 
2700 11 
2500 11 
2300 11 
2500 11 
3500 11 
2500 11 
2400 11 
3500 11 
2000 11 
2300 11 
2600 11 
3700 11 
2300 11 
2400 11 
2300 11 
2200 11 
2600 11 
2200 11 
3400 11 
2600 11 
2400 11 
2400 11 
1900 11 
2900 11 
2700 11 
3400 11 
2600 11 
2500 11 
2100 11 
2200 11 
2600 11 
5000 11 
2000 11 
2200 11 
2200 11 
2700 11 
2500 11 
4200 11 
3200 11 
2600 11 
2000 11 
2100 11 
4400 11 
2700 11 
2400 11 
2500 11 
2500 11 
2300 11 
2500 11 
5200 11 
2400 11 
2300 11 
2500 11 
2400 11 
2300 11 
3700 11 
2400 11 
2700 11 
2100 11 
2100 11 
2400 11 
1900 11 
3600 11 
1800 11 
1900 11 
2500 11 
2600 11 
2500 11 
2300 11 
3500 11 
2300 11 
2300 11 
2700 11 
2500 11 
2200 11 
4200 11 
2500 11 
2400 11 
2400 11 
2400 11 
2400 11 
3200 11 
2300 11 
1800 11 
2300 11 
3100 11 
2200 11 
2200 11 
3600 11 
1700 11 
2100 11 
1800 11 
2000 11 
2100 11 
2600 11 
3500 11 
2400 11 
1900 11 
2100 11 
2600 11 
2800 11 
2100 11 
3700 11 
2300 11 
2300 11 
2100 11 
2200 11 
2400 11 
3500 11 
2900 11 
2800 11 
2300 11 
2200 11 
2000 11 
2300 11 
3300 11 
2700 11 
2600 11 
2300 11 
2300 11 
2500 11 
3500 11 
2400 11 
2600 11 
2800 11 
3100 11 
2300 11 
3800 11 
2300 11 
2600 11 
2100 11 
2500 11 
2400 11 
2500 11 
3400 11 
2500 11 
2700 11 
2500 11 
2100 11 
2400 11 
5000 11 
2400 11 
3400 11 
2800 11 
3200 11 
1900 11 
3500 11 
2400 11 
2300 11 
2300 11 
2500 11 
2400 11 
3800 11 
2600 11 
2400 11 
2100 11 
2600 11 
2700 11 
3000 11 
3300 11 
2200 11 
2000 11 
2200 11 
2200 11 
2600 11 
1900 11 
3700 11 
2500 11 
2900 11 
2100 11 
2100 11 
2600 11 
2100 11 
4000 11 
2800 11 
2800 11 
3200 11 
2600 11 
2000 11 
3100 11 
2500 11 
2500 11 
2300 11 
2600 11 
2200 11 
3900 11 
2800 11 
2600 11 
2300 11 
2200 11 
2300 11 
2300 11 
3300 11 
2700 11 
2300 11 
2200 11 
2600 11 
2200 11 
3500 11 
2100 11 
2100 11 
2300 11 
3300 11 
3200 11 
4700 11 
2700 11 
2500 11 
2700 11 
2700 11 
2600 11 
3800 11 
2800 11 
2300 11 
2400 11 
2500 11 
1900 11 
2200 11 
3200 11 
2700 11 
2600 11 
2600 11 
2600 11 
2300 11 
3200 11 
1800 11 
2200 11 
2100 11 
2300 11 
2300 11 
2300 11 
3600 11 
3200 11 
2400 11 
2500 11 
2500 11 
4700 11 
2400 11 
2200 11 
3000 11 
2400 11 
2200 11 
1800 11 
3500 11 
2300 11 
2400 11 
2500 11 
2600 11 
2400 11 
2100 11 
3700 11 
2400 11 
2300 11 
2400 11 
2400 11 
2400 11 
1800 11 
3300 11 
2400 11 
2500 11 
2300 11 
2300 11 
2600 11 
2300 11 
3100 11 
2400 11 
2200 11 
2600 11 
2200 11 
2100 11 
2000 11 
2800 11 
1900 11 
1900 11 
2000 11 
2300 11 
2100 11 
2400 11 
3600 11 
2000 11 
2400 11 
2100 11 
2300 11 
2300 11 
2500 11 
3700 11 
2300 11 
2100 11 
2200 11 
2100 11 
2300 11 
1800 11 
3300 11 
2100 11 
2100 11 
1900 11 
2200 11 
1700 11 
3700 11 
2600 11 
1700 11 
2400 11 
2600 11 
2600 11 
2500 11 
2800 11 
2900 11 
4000 11 
2500 11 
2700 11 
3500 11 
2100 11 
2900 11 
3100 11 
2000 11 
2700 11 
3500 11 
2400 11 
3000 11 
1900 11 
2300 11 
2800 11 
4200 11 
2400 11 
2000 11 
2400 11 
2100 11 
2400 11 
2900 11 
4200 11 
2300 11 
2400 11 
2200 11 
2500 11 
2600 11 
3300 11 
2100 11 
2600 11 
2000 11 
2200 11 
2500 11 
2400 11 
3600 11 
2000 11 
2300 11 
2200 11 
2000 11 
2200 11 
2400 11 
3300 11 
2700 11 
2200 11 
2600 11 
2600 11 
2300 11 
2200 11 
3800 11 
2000 11 
2100 11 
2000 11 
2300 11 
2000 11 
4100 11 
2000 11 
2600 11 
2800 11 
2700 11 
3000 11 
3400 11 
2300 11 
2400 11 
2100 11 
2300 11 
2300 11 
3000 11 
3600 11 
2500 11 
2000 11 
2400 11 
2300 11 
2200 11 
2500 11 
3500 11 
2100 11 
2200 11 
2400 11 
2100 11 
2800 11 
2400 11 
3800 11 
3400 11 
2200 11 
2600 11 
2700 11 
3900 11 
2400 11 
2200 11 
2100 11 
2300 11 
2700 11 
2500 11 
3500 11 
2900 11 
2400 11 
2900 11 
2600 11 
4300 11 
2800 11 
3400 11 
2400 11 
2600 11 
2700 11 
2000 11 
2000 11 
2400 11 
3300 11 
2100 11 
2400 11 
2200 11 
2100 11 
1700 11 
3700 11 
3800 11 
2400 11 
2400 11 
2600 11 
2100 11 
2200 11 
3500 11 
2200 11 
2900 11 
2500 11 
3100 11 
2700 11 
3800 11 
2700 11 
2400 11 
2600 11 
2000 11 
2600 11 
4000 11 
2800 11 
2300 11 
2500 11 
1800 11 
2600 11 
3400 11 
2800 11 
2300 11 
2200 11 
2200 11 
1800 11 
2200 11 
4200 11 
2600 11 
2700 11 
4900 11 
2000 11 
3100 11 
2800 11 
3300 11 
2700 11 
2800 11 
2300 11 
3700 11 
2000 11 
2000 11 
2300 11 
2300 11 
2600 11 
3200 11 
1900 11 
2100 11 
2600 11 
2400 11 
2200 11 
2500 11 
4000 11 
2200 11 
3000 11 
2700 11 
1800 11 
2000 11 
2700 11 
3900 11 
2800 11 
2300 11 
1900 11 
3000 11 
2800 11 
3200 11 
2100 11 
3000 11 
2100 11 
2200 11 
2500 11 
3900 11 
2200 11 
1800 11 
2200 11 
2600 11 
2300 11 
2100 11 
3300 11 
2300 11 
1900 11 
2500 11 
2300 11 
2300 11 
2100 11 
3400 11 
2400 11 
1900 11 
2400 11 
3100 11 
4000 11 
3300 11 
2700 11 
1900 11 
2300 11 
2300 11 
1900 11 
2900 11 
2000 11 
1700 11 
2100 11 
2400 11 
2600 11 
1700 11 
3400 11 
2600 11 
2100 11 
2400 11 
2200 11 
2500 11 
1800 11 
3500 11 
2600 11 
2200 11 
2700 11 
2000 11 
2400 11 
3300 11 
2700 11 
1800 11 
2600 11 
2400 11 
1900 11 
2000 11 
3600 11 
2200 11 
2400 11 
2500 11 
2400 11 
2400 11 
2100 11 
3300 11 
2000 11 
2100 11 
2300 11 
2300 11 
2400 11 
3300 11 
2200 11 
2500 11 
2700 11 
3000 11 
2500 11 
3300 11 
2200 11 
2100 11 
2500 11 
2500 11 
2700 11 
3400 11 
2100 11 
2300 11 
2100 11 
2000 11 
2100 11 
2200 11 
3600 11 
2100 11 
2100 11 
2300 11 
2500 11 
2400 11 
2000 11 
3600 11 
2500 11 
1900 11 
2400 11 
1700 11 
2200 11 
2200 11 
3300 11 
2400 11 
2900 11 
2300 11 
2200 11 
2700 11 
2200 11 
3400 11 
2700 11 
2200 11 
2000 11 
1600 11 
2200 11 
4400 11 
2100 11 
2100 11 
2000 11 
2000 11 
2500 11 
2300 11 
3600 11 
5200 11 
2800 11 
2700 11 
2000 11 
2100 11 
3700 11 
2100 11 
1900 11 
2500 11 
2100 11 
2200 11 
3100 11 
3500 11 
1900 11 
2900 11 
2000 11 
2200 11 
2300 11 
3400 11 
2000 11 
2300 11 
1900 11 
2800 11 
2600 11 
2200 11 
3800 11 
2500 11 
1800 11 
1700 11 
2400 11 
2200 11 
1900 11 
3500 11 
3000 11 
2200 11 
2100 11 
1900 11 
2400 11 
3000 11 
3000 11 
2700 11 
2800 11 
1800 11 
2400 11 
1900 11 
3500 11 
2400 11 
2300 11 
1600 11 
2300 11 
2100 11 
3200 11 
2600 11 
2500 11 
2300 11 
2000 11 
2500 11 
2000 11 
3400 11 
2100 11 
2600 11 
1800 11 
2500 11 
3300 11 
3600 11 
2000 11 
2300 11 
2100 11 
2100 11 
2300 11 
2100 11 
4100 11 
2100 11 
2600 11 
2500 11 
2000 11 
2300 11 
3400 11 
2200 11 
1900 11 
2500 11 
1800 11 
2300 11 
4000 11 
2900 11 
3300 11 
3100 11 
2200 11 
2100 11 
4200 11 
2200 11 
2000 11 
2300 11 
2100 11 
2300 11 
2000 11 
3400 11 
2800 11 
2000 11 
2200 11 
2100 11 
2000 11 
3500 11 
2300 11 
2300 11 
2000 11 
2100 11 
2500 11 
4500 11 
2500 11 
2100 11 
2400 11 
2200 11 
2200 11 
2300 11 
3200 11 
3200 11 
2300 11 
3000 11 
2200 11 
3100 11 
2900 11 
2500 11 
1700 11 
1900 11 
2400 11 
2700 11 
3400 11 
1900 11 
2500 11 
1900 11 
2800 11 
2400 11 
2400 11 
3300 11 
2500 11 
2300 11 
2100 11 
2200 11 
2100 11 
2300 11 
3400 11 
2400 11 
2800 11 
3000 11 
2200 11 
1900 11 
3400 11 
2100 11 
1900 11 
2300 11 
2300 11 
2000 11 
2800 11 
4200 11 
2500 11 
2600 11 
2300 11 
2600 11 
3000 11 
3900 11 
2300 11 
2500 11 
average time in nanoseconds is 2133
average operations is 9
