
14900 11 
8700 11 
7400 11 
6000 11 
6600 11 
5400 11 
8200 11 
5700 11 
4800 11 
4900 11 
6600 11 
5900 11 
5300 11 
5000 11 
5700 11 
4700 11 
5100 11 
7700 11 
5300 11 
5600 11 
4400 11 
6400 11 
6900 11 
9800 11 
6200 11 
6500 11 
5600 11 
5700 11 
5900 11 
5500 11 
5000 11 
7000 11 
4500 11 
5900 11 
6500 11 
5100 11 
5900 11 
5500 11 
7100 11 
4900 11 
5400 11 
5500 11 
5000 11 
5200 11 
5100 11 
8500 11 
8000 11 
6900 11 
5300 11 
6300 11 
7100 11 
7000 11 
6400 11 
4700 11 
5000 11 
5400 11 
7000 11 
7000 11 
5200 11 
5600 11 
6800 11 
6000 11 
5000 11 
6000 11 
5400 11 
5800 11 
5300 11 
4600 11 
6200 11 
6000 11 
7000 11 
4800 11 
5300 11 
4900 11 
5800 11 
4600 11 
5500 11 
5800 11 
5900 11 
7300 11 
4800 11 
5000 11 
5800 11 
5500 11 
4500 11 
5500 11 
5500 11 
4900 11 
27900 11 
14400 11 
4300 11 
5300 11 
4200 11 
4800 11 
4800 11 
4500 11 
3900 11 
4600 11 
3800 11 
3400 11 
4400 11 
5000 11 
6800 11 
4600 11 
4000 11 
4300 11 
5300 11 
3900 11 
4100 11 
4500 11 
4100 11 
4900 11 
4000 11 
3900 11 
5500 11 
4000 11 
3900 11 
4100 11 
5400 11 
4600 11 
3400 11 
5100 11 
4400 11 
4000 11 
3900 11 
5800 11 
4400 11 
5200 11 
5000 11 
4400 11 
3600 11 
4800 11 
4500 11 
4400 11 
5000 11 
5200 11 
5200 11 
5600 11 
4800 11 
3700 11 
3800 11 
5400 11 
3900 11 
5000 11 
4100 11 
4600 11 
3800 11 
4200 11 
700 0 
600 0 
4800 11 
4900 11 
3700 11 
4200 11 
4000 11 
3800 11 
3900 11 
4300 11 
4200 11 
4200 11 
4400 11 
4700 11 
3800 11 
5400 11 
3600 11 
3800 11 
4200 11 
3900 11 
3100 11 
3800 11 
4400 11 
4100 11 
3900 11 
4300 11 
4700 11 
4100 11 
3300 11 
4300 11 
4000 11 
4800 11 
4800 11 
3500 11 
5100 11 
4000 11 
4100 11 
4700 11 
5000 11 
3700 11 
5000 11 
4700 11 
4200 11 
3400 11 
3900 11 
3900 11 
4800 11 
4600 11 
4700 11 
4700 11 
4400 11 
3600 11 
3800 11 
4800 11 
3700 11 
4100 11 
3900 11 
3700 11 
4100 11 
3600 11 
3700 11 
4700 11 
3600 11 
4200 11 
4400 11 
4600 11 
5300 11 
4400 11 
4900 11 
5000 11 
4500 11 
3600 11 
4800 11 
4300 11 
5000 11 
4300 11 
3800 11 
4000 11 
4700 11 
3900 11 
3500 11 
5900 11 
3900 11 
4600 11 
3400 11 
4100 11 
4400 11 
4700 11 
4400 11 
4900 11 
4800 11 
4100 11 
3700 11 
5500 11 
4700 11 
5100 11 
5600 11 
3800 11 
4700 11 
3500 11 
4500 11 
3200 11 
4400 11 
4100 11 
5300 11 
4400 11 
4400 11 
11000 11 
4700 11 
4600 11 
3800 11 
3700 11 
3800 11 
4000 11 
4700 11 
5000 11 
4400 11 
4100 11 
4000 11 
4100 11 
5400 11 
3400 11 
3900 11 
4100 11 
5000 11 
5800 11 
4000 11 
3900 11 
4500 11 
4100 11 
4200 11 
4900 11 
4500 11 
5300 11 
4100 11 
4100 11 
4100 11 
4800 11 
4000 11 
4300 11 
3700 11 
5200 11 
4500 11 
4400 11 
4900 11 
5100 11 
5700 11 
5100 11 
4800 11 
800 0 
5300 11 
4700 11 
7500 11 
5100 11 
3500 11 
5700 11 
4600 11 
4600 11 
4400 11 
4200 11 
4300 11 
3800 11 
4600 11 
5200 11 
4500 11 
4000 11 
4400 11 
4500 11 
4000 11 
4100 11 
4400 11 
3700 11 
4600 11 
4300 11 
4500 11 
4200 11 
4800 11 
4600 11 
4600 11 
5100 11 
4100 11 
4600 11 
5000 11 
5000 11 
3300 11 
3900 11 
4100 11 
3900 11 
4200 11 
3200 11 
5500 11 
4600 11 
4900 11 
4500 11 
3500 11 
4300 11 
3800 11 
3600 11 
3400 11 
3900 11 
4000 11 
4200 11 
4500 11 
3800 11 
3900 11 
3600 11 
3900 11 
5100 11 
3400 11 
3200 11 
14800 11 
4600 11 
4200 11 
4800 11 
5100 11 
3600 11 
4400 11 
3800 11 
3900 11 
3900 11 
3600 11 
4900 11 
5600 11 
3700 11 
4200 11 
5100 11 
3800 11 
4900 11 
3200 11 
3300 11 
4100 11 
3900 11 
3700 11 
3600 11 
4100 11 
3600 11 
5100 11 
4900 11 
20700 11 
5500 11 
3700 11 
3400 11 
3600 11 
4200 11 
4300 11 
4500 11 
3700 11 
4400 11 
3700 11 
5100 11 
3900 11 
3700 11 
3400 11 
4200 11 
4000 11 
500 0 
4700 11 
3800 11 
3800 11 
3600 11 
3900 11 
3900 11 
4400 11 
4200 11 
600 0 
4000 11 
4100 11 
3700 11 
600 0 
3900 11 
3700 11 
4400 11 
3000 11 
3800 11 
3400 11 
4300 11 
3600 11 
4500 11 
3400 11 
4200 11 
3300 11 
4200 11 
3700 11 
3300 11 
4300 11 
3400 11 
4400 11 
4100 11 
3800 11 
3900 11 
3300 11 
4300 11 
4400 11 
600 0 
4100 11 
3300 11 
4500 11 
3700 11 
3400 11 
4200 11 
4600 11 
3800 11 
3400 11 
5000 11 
3800 11 
4100 11 
4100 11 
4400 11 
5900 11 
3100 11 
3700 11 
5000 11 
3700 11 
3500 11 
4000 11 
4100 11 
3400 11 
3800 11 
3600 11 
4000 11 
3500 11 
3800 11 
4000 11 
3400 11 
4500 11 
3400 11 
4300 11 
3300 11 
3000 11 
4100 11 
3800 11 
3600 11 
4500 11 
600 0 
4500 11 
5500 11 
3700 11 
4000 11 
3700 11 
4400 11 
4000 11 
2900 11 
4700 11 
4000 11 
3600 11 
3100 11 
3300 11 
4700 11 
3600 11 
3600 11 
4300 11 
4400 11 
3900 11 
3600 11 
1000 0 
3400 11 
700 0 
3400 11 
4100 11 
3100 11 
4100 11 
4000 11 
3900 11 
3300 11 
4400 11 
700 0 
3900 11 
4400 11 
4500 11 
5200 11 
4000 11 
700 0 
500 0 
3300 11 
4800 11 
4700 11 
4200 11 
3500 11 
3700 11 
3000 11 
3900 11 
4500 11 
4600 11 
3600 11 
3500 11 
3500 11 
3400 11 
3900 11 
3800 11 
4000 11 
3900 11 
3600 11 
4200 11 
4100 11 
4200 11 
4000 11 
3600 11 
3500 11 
3900 11 
3700 11 
3300 11 
4800 11 
3600 11 
4500 11 
4100 11 
3600 11 
3200 11 
4300 11 
4100 11 
4900 11 
4800 11 
700 0 
600 0 
3300 11 
3800 11 
3200 11 
3700 11 
600 0 
3400 11 
4600 11 
3700 11 
4300 11 
3700 11 
3600 11 
4600 11 
5900 11 
3500 11 
3600 11 
3700 11 
3700 11 
3300 11 
3300 11 
4300 11 
4200 11 
3800 11 
3400 11 
4300 11 
3700 11 
3500 11 
3200 11 
3700 11 
3900 11 
900 0 
3900 11 
3800 11 
600 0 
6000 11 
3700 11 
5200 11 
4100 11 
4500 11 
5300 11 
3400 11 
4900 11 
3600 11 
3700 11 
3800 11 
3900 11 
4400 11 
700 0 
5000 11 
3300 11 
4600 11 
5300 11 
4000 11 
3900 11 
4700 11 
3100 11 
3500 11 
6700 11 
4400 11 
3300 11 
3300 11 
3900 11 
4800 11 
4000 11 
3600 11 
4000 11 
3600 11 
3200 11 
3400 11 
4700 11 
3700 11 
3800 11 
600 0 
3900 11 
3600 11 
3900 11 
3500 11 
3600 11 
3500 11 
4700 11 
3300 11 
4000 11 
700 0 
4500 11 
4300 11 
3800 11 
4300 11 
3800 11 
3400 11 
2600 11 
3600 11 
6100 11 
3800 11 
2700 11 
3200 11 
500 0 
3200 11 
3300 11 
4400 11 
3600 11 
4600 11 
600 0 
3300 11 
5100 11 
3800 11 
4500 11 
4100 11 
3400 11 
2900 11 
3000 11 
3300 11 
3900 11 
3500 11 
4700 11 
4300 11 
3400 11 
5300 11 
3400 11 
3500 11 
3200 11 
4100 11 
3500 11 
4400 11 
4200 11 
4100 11 
3100 11 
700 0 
3600 11 
3500 11 
3100 11 
4400 11 
4700 11 
3100 11 
3400 11 
3400 11 
3900 11 
3300 11 
4500 11 
3100 11 
4300 11 
4400 11 
3400 11 
4000 11 
3800 11 
3400 11 
4200 11 
4700 11 
4300 11 
4500 11 
900 0 
3800 11 
3400 11 
3900 11 
3200 11 
4100 11 
4800 11 
3300 11 
3800 11 
4000 11 
4200 11 
800 0 
6000 11 
4400 11 
4100 11 
4500 11 
3700 11 
3900 11 
3500 11 
3400 11 
3900 11 
5300 11 
3600 11 
4200 11 
4600 11 
500 0 
4600 11 
3700 11 
3400 11 
3800 11 
4500 11 
4300 11 
3600 11 
4200 11 
3600 11 
4200 11 
3800 11 
4700 11 
3100 11 
4000 11 
3700 11 
4400 11 
3400 11 
3900 11 
3500 11 
3000 11 
4300 11 
3800 11 
3500 11 
4300 11 
3800 11 
4300 11 
4000 11 
4000 11 
3600 11 
3400 11 
3000 11 
600 0 
3500 11 
3500 11 
3300 11 
3500 11 
700 0 
4000 11 
3300 11 
900 0 
4500 11 
400 0 
4200 11 
900 0 
3800 11 
3100 11 
4000 11 
4400 11 
3900 11 
3000 11 
4700 11 
4600 11 
3800 11 
3600 11 
3200 11 
3400 11 
3400 11 
3700 11 
3300 11 
4300 11 
3700 11 
3300 11 
3900 11 
4500 11 
3900 11 
4000 11 
4300 11 
500 0 
3300 11 
700 0 
3400 11 
3700 11 
3400 11 
3500 11 
3700 11 
3800 11 
4100 11 
4500 11 
3900 11 
3600 11 
3400 11 
3800 11 
5000 11 
3900 11 
3500 11 
4100 11 
4400 11 
500 0 
6000 11 
4200 11 
900 0 
3400 11 
4000 11 
4300 11 
3600 11 
3900 11 
3700 11 
3800 11 
3600 11 
3700 11 
2900 11 
4900 11 
4200 11 
3600 11 
4100 11 
3100 11 
3500 11 
3700 11 
4000 11 
3500 11 
3700 11 
4200 11 
53100 11 
15500 11 
9100 11 
16200 11 
13200 11 
700 0 
14600 11 
13900 11 
8000 11 
2700 11 
9600 11 
2900 11 
7700 11 
2800 11 
10400 11 
2600 11 
2800 11 
600 0 
3000 11 
3200 11 
2600 11 
3700 11 
2800 11 
2700 11 
2800 11 
2700 11 
13900 11 
14400 11 
2700 11 
2700 11 
700 0 
600 0 
2700 11 
3100 11 
8100 11 
2800 11 
2700 11 
2700 11 
3100 11 
3100 11 
3600 11 
2800 11 
13200 11 
2600 11 
2200 11 
2000 11 
600 0 
2500 11 
2600 11 
2900 11 
2500 11 
700 0 
2800 11 
2500 11 
2100 11 
2000 11 
2900 11 
3000 11 
2700 11 
2900 11 
2300 11 
2500 11 
3100 11 
2400 11 
2100 11 
2700 11 
1900 11 
2200 11 
2900 11 
2300 11 
2800 11 
2200 11 
2000 11 
3200 11 
500 0 
3000 11 
3200 11 
10500 11 
19300 11 
2300 11 
2200 11 
2500 11 
2600 11 
1900 11 
3300 11 
2300 11 
2600 11 
2500 11 
2800 11 
2800 11 
2700 11 
2300 11 
500 0 
2100 11 
3600 11 
2600 11 
2500 11 
2000 11 
2400 11 
2400 11 
2600 11 
3500 11 
2800 11 
1900 11 
2700 11 
2500 11 
2300 11 
2700 11 
2800 11 
4300 11 
2800 11 
2800 11 
2400 11 
2200 11 
2300 11 
800 0 
2200 11 
2700 11 
2300 11 
2400 11 
2800 11 
2500 11 
2100 11 
3300 11 
22000 11 
9600 11 
1600 0 
6200 11 
4300 11 
5500 11 
4400 11 
6800 11 
3400 11 
4600 11 
4400 11 
4700 11 
3000 11 
3900 11 
4300 11 
4800 11 
6200 11 
4400 11 
4200 11 
800 0 
4000 11 
4000 11 
3300 11 
5600 11 
3900 11 
4400 11 
800 0 
5100 11 
4300 11 
average time in nanoseconds is 4244
average operations is 10
