
66500 12 
12300 12 
7900 12 
2000 12 
1900 12 
1900 12 
1600 12 
1500 12 
1800 12 
1700 12 
13700 12 
1700 12 
1700 12 
2000 12 
1300 12 
1400 12 
1800 12 
1700 12 
1800 12 
1500 12 
1400 12 
2500 12 
1900 12 
1500 12 
1800 12 
1500 12 
1600 12 
1400 12 
1800 12 
1700 12 
1700 12 
1300 12 
2000 12 
1700 12 
1700 12 
1600 12 
2000 12 
2800 12 
2500 12 
1300 12 
1500 12 
1800 12 
1900 12 
1200 12 
1600 12 
1700 12 
1500 12 
1600 12 
1700 12 
1700 12 
1300 12 
1600 12 
1900 12 
2000 12 
1600 12 
1600 12 
1600 12 
1400 12 
1700 12 
1700 12 
1500 12 
1500 12 
1600 12 
1500 12 
2100 12 
1600 12 
1600 12 
1500 12 
1500 12 
1700 12 
1600 12 
1500 12 
1600 12 
1700 12 
2200 12 
1400 12 
1500 12 
1700 12 
1700 12 
1500 12 
1500 12 
1300 12 
1400 12 
1400 12 
1400 12 
2200 12 
1600 12 
1500 12 
1500 12 
1900 12 
1500 12 
1600 12 
1700 12 
1700 12 
1700 12 
1600 12 
2100 12 
1300 12 
1300 12 
1400 12 
average time in nanoseconds is 2601
average operations is 12
